0	M	4	0	
0	0	Q	0	10047345	3080290,4098689	50504886,4217515	9848058,1084315	50534229,4217515	50591618,4217515	26242582,2597528	34623075,3279130	68893581,5149883	50628761,4217517	32262001,3142702	35443881,3339757
0	108	C	0	50628761
0	1080	C	0	50628761
1	M	4	0	
1	0	Q	0	2057953	1093007	12695453,1284095	20124473,2056277	60660113,4693531	43489680,3815814	16739421,1741072	50183154,4200904	57295706,4528754	21700324,2228870	71159833,5298347	32907650,3215035
2	M	27	0	
2	0	Q	0	2113437	1148783	33204613,3248226	2053036,303607	5878776,770558	34660823,3279130	31436589,3084615	57017409,4511955	9357166,1078773	68445395,5128533	20220120,2073798	33123105,3243916
3	M	13	1	
3	0	Q	0	5239394	2365113,2856206,2491775	16457319,1712204	35513272,3344594	50566741,4217515	8699936,1032002	19587096,2024884	52534052,4295962	16398219,1711944	14941390,1549526	45726575,3933621	3870230,510830
3	76	Q	1	5239405	2365113,2856206,2491775,4219157,2383044	16457319,1712204	35513272,3344594	19587095,2024884	54638321,4409573	70294280,5173294	29007584,2844548	65574293,4975723	60082408,4671429	36666362,3411741	33566096,3248439
3	162	C	1	35513272
4	M	15	1	
4	0	Q	0	17143989	4219157,1841361,853923,1720163,1912374,1755325,4454730	65548702,4975721	197782,39086	54375043,4396765	31589696,3091097	6876504,851594	3374640,455375	13274885,1354902	31585771,3091016	61234218,4723345	31583582,3091014
4	27	C	0	31589696
4	86	C	0	6876504
4	121	C	0	3374640
4	216	C	0	13274885
4	240	C	0	31583582
5	M	15	1	
5	0	Q	0	18317035	4306462,3557148,3668262,2867406,3783619,3457588	59774327,4655976	59774178,4655976	35294524,3323733	36727600,3414810	47651546,4030355	63269587,4842946	3795813,503751	58110838,4572825	20974273,2147079	50738005,4222407
5	95	C	0	59774327
5	322	C	0	35294524
5	364	C	0	36727600
5	613	Q	1	18317035	4306462,3557148,3668262,2867406,3783619,3457588	59774327,4655976	59774178,4655976	36727600,3414810	47651546,4030355	63269587,4842946	3795813,503751	58110838,4572825	20974273,2147079	20974274,2147079	845922,133787
5	1603	Q	2	19539896	4515321,2867422,3783619,3457588	55750755,4445944	47628626,4029651	14683936,1512193	56475816,4479800	3795813,503751	845922,133787	9011117,1050292	62012926,4771993	63206206,4842211	30760366,3003273
5	1613	C	2	55750755
5	2506	C	2	14683936
6	M	15	1	
6	0	Q	0	3446247	1695413	26855005,2617583	26785689,2617582	17036501,1782207	34767287,3279130	31577402,3090944	35444502,3339757	26475409,2597528	51338262,4248972	26784986,2617572	33869787,3250692
6	6	C	0	26855005
6	3887	C	0	26855005
6	6413	Q	1	17479032	4219157,4453173,2383044	66801420,5036636	45538424,3923223	4026670,530789	52642425,4298558	27753497,2708809	50218479,4202998	32667378,3179894	33144774,3247305	15145166,1560541	52642993,4298576
6	6423	C	1	66801420
6	6546	C	1	32667378
6	6627	C	1	52642425
6	7091	Q	2	17479048	4219157,4453173,2383044,3442492,4107874,4822943	66801420,5036636	4026670,530789	64409407,4892145	52642464,4298558	31576601,3090888	18108373,1901196	52642993,4298576	28324235,2790962	4423935,582454	48637690,4107962
6	7110	C	2	31576601
6	9460	Q	3	3446247	1695413	26855005,2617583	26785689,2617582	17036501,1782207	34767287,3279130	31577402,3090944	35444502,3339757	26475409,2597528	51338262,4248972	26784986,2617572	33869787,3250692
6	9464	C	3	26855005
7	M	15	1	
7	0	Q	0	2685901	1403091,1576407,709728	19070833,1994676	19070785,1994663	3334821,451714	26466527,2597528	28891144,2834037	46415647,3967156	7807541,943850	68619915,5138944	62948695,4828867	49680334,4165241
7	23	Q	1	2686894	1403353	53533848,4359008	62946524,4828867	3334825,451714	28881052,2834018	56212472,4467930	39918555,3595774	56177047,4466491	28858835,2833991	59532827,4640381	7981226,945625
7	33	C	1	53533848
8	M	1	2	
8	0	Q	0	17722482	4240987,2763009,4537618,3993390,4338832	30415419,2953276	54350217,4394875	57400956,4535499	22412714,2254454	71221250,5302872	15409184,1587454	42171658,3731696	8296118,989139	48152420,4071405	10580925,1091770
9	M	26	3	
9	0	Q	0	17367710	4219157,3424615,2383044,2926659,2366003,4043437	69827886,5157997	19373740,2017204	60109238,4673119	3173415,438941	19079856,1995705	71176046,5301431	18993172,1993793	14831009,1539670	7000041,863598	19281333,2015551
9	6	C	0	69827886
9	2001	Q	1	17367710	4219157,3424615,2383044,2926659,2366003,4043437	69827886,5157997	19373740,2017204	60109238,4673119	3173415,438941	19079856,1995705	71176046,5301431	18993172,1993793	14831009,1539670	7000041,863598	19281333,2015551
9	2007	C	1	69827886
10	M	27	3	
10	0	Q	0	19692083	4538719,3841180,2499462	19896974,2032381	33176621,3248074	68817080,5148476	68580563,5138051	3187074,439189	1078193,162121	33220641,3248315	58805218,4606082	61436613,4727786	27904134,2729978
10	11	C	0	19896974
10	229	C	0	33176621
10	1465	C	0	68580563
10	2629	C	0	68817080
10	2999	C	0	3187074
10	3270	C	0	33220641
10	3296	Q	1	19692083	4538719,3841180,2499462	19896974,2032381	33176621,3248074	68817080,5148476	68580563,5138051	3187074,439189	1078193,162121	33220641,3248315	58805218,4606082	61436613,4727786	27904134,2729978
10	3347	Q	2	16326231	4106843,3244020,4669088,2499462	23798221,2382327	68600238,5138767	68827165,5148476	30345530,2940008	42846514,3780693	27899042,2729353	62133448,4778795	68579553,5138051	32681491,3181257	3191463,439189
10	3358	C	2	23798221
10	3613	C	2	68600238
10	3734	C	2	68827165
10	3747	C	2	30345530
10	3848	Q	3	15550520	3984484,3244020,4669088,2499462	68579553,5138051	23798220,2382327	23798429,2382327	68816924,5148476	21784727,2238460	27899042,2729353	58579926,4594631	62135774,4778863	58842837,4607615	19896503,2032381
10	3854	C	3	68579553
10	3872	C	3	23798220
10	3925	C	3	68816924
11	M	13	4	
11	0	Q	0	3670468	1779907,891329	5576237,721918	69874355,5157997	5578734,721918	69592149,5149883	14294006,1469421	71189906,5301431	55594138,4440715	54811822,4413402	70913975,5264751	26863897,2617682
11	19	C	0	69592149
11	375	Q	1	3670468	1779907,891329	5576237,721918	69874355,5157997	5578734,721918	69592149,5149883	14294006,1469421	71189906,5301431	55594138,4440715	54811822,4413402	70913975,5264751	26863897,2617682
11	1044	Q	2	3670468	1779907,891329	5576237,721918	69874355,5157997	5578734,721918	69592149,5149883	14294006,1469421	71189906,5301431	55594138,4440715	54811822,4413402	70913975,5264751	26863897,2617682
11	1054	Q	3	17160126	4219157,2249341	38241540,3501638	38241518,3501638	38241281,3501638	13718906,1407352	49680299,4165241	62905500,4828401	13725843,1407986	38239846,3501596	62492096,4807815	62949016,4828867
11	1075	C	3	38241540
12	M	3	5	
12	0	Q	0	10567642	3152006,2465047	37117119,3437625	36515563,3405516	15023101,1550698	33599912,3248439	36512845,3405496	45503596,3921380	65590946,4975723	67299325,5063577	65529223,4975721	33452512,3248439
13	M	3	5	
13	0	Q	0	2232542	1216954,1827117	48927654,4126471	3123469,432969	53259456,4341652	6519510,809638	64704743,4914075	49122698,4134703	16670005,1732113	18011884,1887339	11141085,1105967	34507034,3279130
13	6	C	0	48927654
13	39	C	0	3123469
13	43	C	0	53259456
13	45	C	0	6519510
13	151	C	0	49122698
13	3807	Q	1	2963541	1500950,1827117	64708730,4914265	64708722,4914265	41310142,3678210	64705748,4914161	11719143,1165677	42500820,3757635	26453366,2597528	1320058,208109	52709457,4303423	23524603,2365150
13	3817	C	1	41310142
13	5652	Q	2	2253848	1225827	13642901,1399051	13643130,1399051	311154,55658	13643029,1399051	67058065,5049891	26461801,2597528	29563572,2864847	13989376,1427735	13154626,1336561	49344778,4146724
13	5658	C	2	13642901
13	5753	Q	3	2253848	1225827	13642901,1399051	13643130,1399051	311154,55658	13643029,1399051	67058065,5049891	26461801,2597528	29563572,2864847	13989376,1427735	13154626,1336561	49344778,4146724
13	5759	Q	4	12539505	3521430,4655230	56483991,4479975	21416699,2198680	56484765,4479982	14054474,1435495	48292643,4081092	48314833,4082157	49339601,4146207	35591538,3356077	312457,55658	63407177,4843455
14	M	4	5	
14	0	Q	0	3221809	1606572,3442492,3768265	34267115,3279130	34110372,3277148	59234765,4627011	11716116,1165300	24490200,2444643	24497644,2445222	43612977,3822781	59578711,4642280	59569721,4642238	12222134,1220562
15	M	4	5	
15	0	Q	0	11205027	3279786,4586659	50592271,4217515	53747131,4363520	50468565,4217188	50492010,4217414	24147462,2410667	26441081,2597528	67253739,5059674	32571381,3165306	8294947,989139	30708404,2994961
15	11	C	0	50592271
15	132	Q	1	14335307	3814701,3350947,2832481,4248340	50527810,4217515	19602666,2024884	26164487,2597528	45507858,3921380	71001347,5275588	14957297,1549526	65593060,4975723	8295601,989139	65533959,4975721	11807861,1179824
15	145	C	1	26164487
15	336	Q	2	14335307	3814701,3350947,2832481,4248340	50527810,4217515	19602666,2024884	26164487,2597528	45507858,3921380	71001347,5275588	14957297,1549526	65593060,4975723	8295601,989139	65533959,4975721	11807861,1179824
15	349	Q	3	16209146	4083232	21696843,2228611	50532360,4217515	33795347,3248743	54497368,4400928	31069563,3038166	69256113,5149883	14488411,1485239	28649342,2819762	65520209,4975721	40456493,3618011
16	M	5	5	
16	0	Q	0	21369409	4820443	70561599,5215792	34615858,3279130	22214516,2254454	3558667,481617	22827088,2298561	60464016,4687461	40202367,3602380	36220138,3398679	71143629,5295517	16915567,1765561
16	8	C	0	70561599
16	26	C	0	3558667
16	30	C	0	22827088
16	105	Q	1	21369409	4820443	70561599,5215792	34615858,3279130	22214516,2254454	3558667,481617	22827088,2298561	60464016,4687461	40202367,3602380	36220138,3398679	71143629,5295517	16915567,1765561
16	109	Q	2	21369411	4820443,4607418	11359361,1126709	57655200,4548421	50628271,4217515	13741135,1410278	23092001,2323547	43010573,3792414	69392306,5149883	3649474,490355	36498377,3405144	16747098,1741305
16	117	C	2	11359361
16	161	Q	3	21369411	4820443,4607418	11359361,1126709	57655200,4548421	50628271,4217515	13741135,1410278	23092001,2323547	43010573,3792414	69392306,5149883	3649474,490355	36498377,3405144	16747098,1741305
16	171	Q	4	14529380	3845213,4607418,1037348	47286082,4012080	31505267,3086402	70523864,5212012	23177968,2330470	26575008,2600652	23769334,2381671	66130203,5003336	11082507,1098830	48055283,4061785	58787508,4604777
16	175	C	4	47286082
16	226	C	4	31505267
16	261	C	4	70523864
17	M	5	5	
17	0	Q	0	21244579	4801335,2452511,3415603	52721136,4303919	62743730,4819114	40565648,3626152	51209305,4242837	17838129,1883441	13826,1233	39391851,3562233	66737392,5031828	40317795,3609586	65208241,4958818
17	8	C	0	62743730
17	48	Q	1	21244579	4801335,2452511,3415603	52721136,4303919	62743730,4819114	40565648,3626152	51209305,4242837	17838129,1883441	13826,1233	39391851,3562233	66737392,5031828	40317795,3609586	65208241,4958818
17	52	Q	2	4027043	1910225	26204710,2597528	9245311,1074591	14316,1233	6723366,833758	62743743,4819114	5533051,715585	53585421,4360401	52721371,4303919	16184725,1691699	43453868,3813540
17	58	C	2	26204710
17	177	C	2	6723366
17	1902	Q	3	3172857	1585947	58822785,4607048	55425120,4439720	58816124,4606770	32310504,3142702	23766006,2381434	7117796,875561	60194685,4677860	58821309,4606907	58840766,4607550	34243289,3279130
17	1908	C	3	58822785
18	M	6	5	
18	0	Q	0	3771444	1823379,1235163,1061370,1991523,2140938	7885541,943850	17062586,1787472	17966961,1887339	37836161,3478295	52887117,4315816	12350524,1236243	39236857,3559506	36287475,3400946	41939085,3715627	53975922,4374403
18	19	C	0	12350524
19	M	6	5	
19	0	Q	0	5231171	2362622,2418208,3412433	39519902,3569000	46082993,3953018	53983844,4374457	54859578,4414145	54859581,4414145	57262768,4526067	63244862,4842640	59871075,4660150	40772972,3638880	63214608,4842264
20	M	6	5	
20	0	Q	0	6716819	2635270,4603267	70100440,5165392	17705992,1877254	41393646,3685579	46243617,3959876	26213624,2597528	29601078,2867232	53702486,4362178	11708750,1163891	53485090,4357824	4643491,616472
20	13	C	0	70100440
20	495	C	0	29601078
21	M	6	5	
21	0	Q	0	1921139	1029107,157974,1983332,512888,1401571	18975713,1993685	69886931,5157997	37840568,3478295	71199400,5301431	58566765,4593944	26975452,2617682	35317753,3328234	33256283,3248439	17954907,1887339	51653784,4265386
21	11	C	0	37840568
22	M	7	5	
22	0	Q	0	16185818	4078517,3143668,1988399	35767635,3364600	57421304,4536568	35296159,3323845	49235419,4140722	68222659,5116467	55142634,4429180	36577088,3407786	61943983,4767047	65157339,4954478	42867421,3782572
22	25	Q	2	16185820	4078517,3143668,1988399,2133749	30325446,2938326	28846733,2833948	35769151,3364600	57008295,4511361	28175892,2768660	28864909,2833991	60703868,4697323	22790363,2294429	57692687,4551821	6473264,800608
22	25	Q	1	16185818	4078517,3143668,1988399	35767635,3364600	57421304,4536568	35296159,3323845	49235419,4140722	68222659,5116467	55142634,4429180	36577088,3407786	61943983,4767047	65157339,4954478	42867421,3782572
22	31	C	2	30325446
22	112	C	2	28175892
22	163	Q	3	16185820	4078517,3143668,1988399,2133749	30325446,2938326	28846733,2833948	35769151,3364600	57008295,4511361	28175892,2768660	28864909,2833991	60703868,4697323	22790363,2294429	57692687,4551821	6473264,800608
22	180	Q	4	7999584	2886070,4221123,1988399,2133749	35296831,3323948	56784810,4496625	64848398,4925486	45457972,3919003	37761167,3471909	51362067,4249570	68203162,5114745	65655282,4975932	59709610,4650210	68215424,5115767
22	186	C	4	35296831
22	234	Q	5	7999583	2886070,4221123,1521441	19837183,2026828	57260455,4525802	21702544,2228940	59322271,4631228	4182732,550328	62887624,4827916	45430508,3917742	18715227,1968144	21700168,2228859	17191585,1794332
22	249	C	5	21702544
22	973	Q	6	16185833	4078517,3143668,2452511,1988399,2133749	28175892,2768660	30325446,2938326	22790363,2294429	60703868,4697323	35767635,3364600	35296159,3323845	6473264,800608	28846733,2833948	57421304,4536568	28864909,2833991
22	981	C	6	22790363
22	1054	C	6	6473264
23	M	7	5	
23	0	Q	0	3408422	1677949	26307130,2597528	50563970,4217515	69064414,5149883	17036478,1782207	48844296,4119537	7855870,943850	11487028,1143888	56482614,4479939	20429416,2099769	33877719,3251566
23	11	C	0	26307130
24	M	8	5	
24	0	Q	0	1650660	912714	26461064,2597528	49640364,4164135	7764886,943850	57810204,4561639	30407945,2952771	65176640,4955298	60571719,4691547	5139117,665137	68499371,5132059	13977872,1426959
24	27	C	0	26461064
24	2407	Q	1	1650660	912714	26461064,2597528	49640364,4164135	7764886,943850	57810204,4561639	30407945,2952771	65176640,4955298	60571719,4691547	5139117,665137	68499371,5132059	13977872,1426959
24	2418	Q	2	18021607	4262045,3356414	17034989,1782207	18120361,1902979	19709632,2026752	34285730,3279130	69140240,5149883	19347884,2016222	41792755,3710664	53880950,4371969	38612863,3529339	53898086,4372689
24	2424	C	2	18120361
24	4741	C	2	34285730
24	4996	Q	3	436285	390997,3279927,4483678,2268807	19394455,2017204	43799604,3831781	26405681,2597528	32629350,3174581	19271864,2014694	47890109,4046600	13066652,1324445	70506870,5211319	34815136,3279130	9657672,1082740
24	5009	C	3	43799604
24	5027	C	3	19394455
25	M	8	5	
25	0	Q	0	17990230	4256772	26386597,2597528	62820455,4824029	60176505,4675822	42851762,3781020	23409118,2353514	41131612,3661936	32013798,3132098	7872653,943850	27648351,2693208	28741250,2825475
26	M	10	5	
26	0	Q	0	6242703	2557834	31270174,3062975	1015786,152512	35108953,3308187	35108954,3308187	62069711,4775626	63458031,4843860	69592810,5149883	43232593,3802954	50519907,4217515	67659807,5084658
27	M	10	5	
27	0	Q	0	2257107	1227486	49308993,4145104	49310175,4145104	49308998,4145104	13670873,1402798	51481338,4255368	11996674,1198409	39347065,3562233	13867378,1419452	29525080,2864079	26461412,2597528
27	6	C	0	49308993
28	M	11	5	
28	0	Q	0	1214841	744274,1723673,297907	31593412,3091179	395182,69411	5381771,693562	36921293,3424998	35352459,3330660	45358956,3914524	32200629,3142702	5381353,693561	5381774,693563	17797202,1881481
28	23	C	0	395182
28	56	C	0	35352459
28	1400	Q	1	3594850	1755325	30963600,3031989	26480725,2597528	11505910,1144639	30965787,3032008	59563861,4641897	11499564,1144195	18173340,1908758	58495754,4592974	65024457,4935489	11481249,1143888
29	M	11	5	
29	0	Q	0	10624592	3163319,4117921,3305844,2814824	34509562,3279130	38035226,3491252	16854462,1755243	5819821,760245	34098894,3277148	17034704,1782207	12191584,1218138	15718618,1621952	41229521,3674408	14520838,1488795
29	46	Q	1	10624593	3163319,4117921,3305844,2815228	34509562,3279130	17036700,1782207	38035225,3491252	46557806,3978091	17331026,1820622	34054246,3277148	56033036,4462281	61655361,4740253	22936911,2310614	11339517,1124691
29	54	C	1	17036700
30	M	11	5	
30	0	Q	0	3564855	1746139	26476929,2597528	5618256,729745	53884202,4372090	51696864,4265386	7869612,943850	19439360,2018255	17894855,1887339	48013688,4057295	55588794,4440715	53894306,4372448
30	8	C	0	26476929
31	M	12	5	
31	0	Q	0	874113	612008	39808517,3586310	26447888,2597528	55459172,4440715	20012249,2040378	69912115,5157997	42740420,3770895	70283249,5172852	7677803,943850	3055718,423178	69250842,5149883
31	51	C	0	26447888
32	M	12	5	
32	0	Q	0	21220662	4792538,239881	60553481,4690087	14785823,1534858	62305813,4791623	53439601,4356238	43505732,3816826	57929369,4569022	23253317,2340209	46278338,3960301	31209165,3050700	63376160,4843233
33	M	12	5	
33	0	Q	0	16098354	4064280	12228846,1221288	5231377,672320	60578076,4692368	35160790,3311531	50262134,4206145	61783467,4751757	46876060,3991417	23922695,2390743	14668870,1509298	47593803,4029187
33	8	C	0	60578076
33	479	C	0	12228846
34	M	13	5	
34	0	Q	0	19414527	4492902,4098689	66135122,5003733	2507397,360904	66135125,5003733	4346694,578903	26406512,2597528	54129563,4385238	17658857,1869065	23493175,2363287	4358099,579034	70841214,5257992
34	25	C	0	66135122
34	406	Q	1	19414527	4492902,4098689	66135122,5003733	2507397,360904	66135125,5003733	4346694,578903	26406512,2597528	54129563,4385238	17658857,1869065	23493175,2363287	4358099,579034	70841214,5257992
34	416	Q	2	16098354	4064280	12228846,1221288	5231377,672320	60578076,4692368	35160790,3311531	50262134,4206145	61783467,4751757	46876060,3991417	23922695,2390743	14668870,1509298	47593803,4029187
35	M	13	5	
35	0	Q	0	11205027	3279786,4586659	50592271,4217515	53747131,4363520	50468565,4217188	50492010,4217414	26441084,2597528	24147462,2410667	67253739,5059674	8294947,989139	30708404,2994961	32571448,3165306
35	8	C	0	50592271
35	547	C	0	8294947
35	551	C	0	67253739
35	745	C	0	24147462
35	756	C	0	53747131
35	1579	Q	1	11205027	3279786,4586659	50592271,4217515	53747131,4363520	50468565,4217188	50492010,4217414	26441084,2597528	24147462,2410667	67253739,5059674	8294947,989139	30708404,2994961	32571448,3165306
35	1587	Q	2	278005	286862,644114,722069,4155947,3114985	59587038,4642475	49256904,4142038	30469102,2959362	34505458,3279130	2238554,332005	41054995,3654617	40964827,3647969	68087720,5103042	68088772,5103135	62304369,4791623
35	1595	C	2	59587038
36	M	13	5	
36	0	Q	0	5838041	2480796,3442492,4510772	33015404,3229399	46074658,3953018	6186035,787424	33013920,3229180	21014346,2151518	56802444,4496828	67647989,5084141	68268547,5121048	68778659,5146602	56111469,4464107
36	68531	Q	1	291812	297171	66516729,5017508	26440872,2597528	27943891,2737079	31861657,3114734	69744182,5154662	7653238,943850	9513977,1080522	16448092,1712202	49985884,4192083	60477826,4688669
36	68972	C	0	6186035
37	M	13	5	
37	0	Q	0	2760160	1428114,157974,1757789,588853	7422533,915057	37845613,3478295	69918312,5157997	12977983,1316444	58561853,4593944	17973788,1887339	71180791,5301431	19914905,2034184	7871808,943850	69461065,5149883
37	6	C	0	37845613
38	M	15	5	
38	0	Q	0	6716820	2635270,4603267,2807337	26213624,2597528	41393646,3685579	41393653,3685579	17732974,1877892	43242900,3803884	29601078,2867232	6683340,830102	11708750,1163891	37048748,3434115	70449020,5203424
38	15	C	0	26213624
38	290	Q	1	6716822	2635270,4603267,2807337,4117921,4798798	41393646,3685579	41393653,3685579	44784952,3885204	47377136,4019743	52840835,4314850	23428930,2355981	29601078,2867232	9546333,1080891	9546042,1080891	42990382,3791322
38	358	C	1	42990382
39	M	17	5	
39	0	Q	0	182528	227293	47176595,4007226	55086568,4425392	26459464,2597528	39208550,3558449	88008,14657	42236032,3735220	4174502,549051	7651249,943850	55088316,4425403	2899373,405749
40	M	17	5	
40	0	Q	0	3344833	1656302	17427529,1831783	18146039,1905135	68661150,5141773	50172603,4200353	50172606,4200353	63230688,4842497	23001052,2312697	22962078,2312616	53148844,4333445	17425749,1831697
40	8	C	0	17427529
41	M	18	5	
41	0	Q	0	2361251	1263472	56994431,4510082	56994464,4510082	36829358,3418807	29331719,2863521	39502252,3569000	39502282,3569000	41776134,3710017	29469743,2863926	63310819,4842963	27402402,2655130
41	420	Q	1	3172908	1585999	49331990,4146135	36913613,3424720	43414279,3812004	64674653,4911950	2755449,390036	47651375,4030331	22709909,2285745	42120365,3730197	35294174,3323680	35607355,3358013
41	454	Q	2	3172857	1585947	58822785,4607048	55425120,4439720	32310504,3142702	58816124,4606770	23766006,2381434	7117796,875561	58840766,4607550	16609765,1722511	34243289,3279130	68615361,5138925
41	458	C	2	58822785
42	M	18	5	
42	0	Q	0	4455201	2142250	68661150,5141773	17286189,1810720	17427529,1831783	68661307,5141778	68661117,5141765	5125792,663425	32371629,3142702	68640997,5140137	26436311,2597528	10891303,1096179
42	38	Q	1	4455201	2142250	68661150,5141773	17286189,1810720	17427529,1831783	68661307,5141778	68661117,5141765	5125792,663425	32371629,3142702	68640997,5140137	26436311,2597528	10891303,1096179
43	M	18	5	
43	0	Q	0	9896985	3050458	17427529,1831783	18146039,1905135	68661150,5141773	50172603,4200353	50172606,4200353	63230688,4842497	23001052,2312697	22962078,2312616	53148844,4333445	17425749,1831697
43	6	C	0	17427529
43	15	Q	1	9896985	3050458	17427529,1831783	18146039,1905135	68661150,5141773	50172603,4200353	50172606,4200353	63230688,4842497	23001052,2312697	22962078,2312616	53148844,4333445	17425749,1831697
44	M	19	5	
44	0	Q	0	16052813	4061961	26371267,2597528	52701866,4303423	25433660,2540755	34230639,3279130	5864065,768750	49439208,4151408	57215895,4524748	31833392,3110716	22163057,2254454	52276399,4295885
44	10	C	0	25433660
45	M	19	5	
45	0	Q	0	11204449	3279786,4456790,3442492,2732586,4079953	24438056,2439700	46187022,3959354	11343644,1124964	31906077,3119662	13826999,1417917	31627268,3093268	23952315,2392837	31626942,3093248	59070142,4617020	12873156,1305721
45	4	C	0	24438056
46	M	19	5	
46	0	Q	0	10968790	3231553	16114009,1682304	12930005,1312637	41712070,3707303	32550397,3162352	43710513,3827929	45049278,3899040	28262647,2783351	26464133,2597528	16114008,1682303	51822286,4269829
46	722	Q	1	3181909	1589361,323894	58892703,4610598	26472921,2597528	58531642,4592974	30016325,2917260	25932466,2594672	18173220,1908758	7842954,943850	11486796,1143888	37255277,3444061	14613120,1500014
46	728	C	1	26472921
46	3984	Q	2	20146584	4605263	50562893,4217515	19595747,2024884	26415763,2597528	8512100,1013495	50465601,4217188	9254408,1076052	11269989,1118656	45760120,3934458	45725624,3933621	9253888,1075895
46	3988	Q	3	3181909	1589361,323894	58892703,4610598	26472921,2597528	58531642,4592974	30016325,2917260	25932466,2594672	18173220,1908758	7842954,943850	11486796,1143888	37255277,3444061	14613120,1500014
46	3998	C	2	26415763
47	M	19	5	
47	0	Q	0	15881711	4033093,3154341,3234075	59845663,4659458	17850297,1883707	6679549,829847	48064821,4062743	6172700,787424	52099664,4288493	53681804,4361797	58742038,4602685	37808252,3475911	65207037,4958818
47	6	C	0	17850297
47	160	Q	1	15881712	4033093,3154341,3234075,3782973	17841232,1883461	59845663,4659458	16184211,1691699	6680941,829880	20374267,2094091	58743340,4602685	35576121,3354944	21334736,2188435	31910215,3120431	53666187,4361547
48	M	21	5	
48	0	Q	0	916912	629759,157974,1516806,1975447,1523149,555805	5578298,721918	69923947,5157997	7635151,943019	12968491,1316444	19292130,2015731	68958983,5149883	40034273,3597255	17932551,1887339	57969424,4570820	51626712,4265386
48	32	Q	1	916921	629759,157974,1516806,1975447,1523149,555805,3724298	7635151,943019	19292130,2015731	37850731,3478295	14346141,1469421	17932551,1887339	70929811,5264751	36275168,3400946	63932612,4869063	16639848,1729019	58014905,4570924
48	45	C	1	7635151
49	M	21	5	
49	0	Q	0	2672383	1396625	53355981,4349008	53356042,4349008	53356344,4349008	53357048,4349067	53355518,4348965	26303905,2597528	29210869,2863184	53355743,4348974	63300102,4842963	51898353,4276709
49	30	C	0	53355981
50	M	22	5	
50	0	Q	0	11415264	3321668,4739098	26261520,2597528	17537127,1851167	49617721,4163061	14947014,1549526	33367303,3248439	34641641,3279130	32067343,3136281	17032181,1782207	66206592,5005153	56571946,4486740
50	6	C	0	26261520
51	M	22	5	
51	0	Q	0	14485336	3843212	30840158,3014715	6119708,787424	62679346,4816463	35696032,3360432	18420462,1938438	15464558,1597017	31527367,3087981	13154767,1336608	22560772,2260682	24431604,2438987
51	27	C	0	30840158
52	M	25	5	
52	0	Q	0	6242703	2557834	31270174,3062975	18741396,1970686	35108953,3308187	35108954,3308187	62069711,4775626	63458031,4843860	18146039,1905135	208200,39983	67659807,5084658	39260282,3560700
53	M	25	5	
53	0	Q	0	9781882	3047095	50172603,4200353	50172606,4200353	17427529,1831783	17424333,1831667	53148844,4333445	23001052,2312697	22962103,2312616	41779221,3710017	63230688,4842497	17425749,1831697
53	701	Q	1	1981709	1052665	63217010,4842268	48156098,4071787	7516520,929649	26459690,2597528	48142143,4071009	48154011,4071742	69860764,5157997	41979426,3717797	48156667,4071819	19443289,2018255
53	707	C	1	26459690
54	M	26	5	
54	0	Q	0	1981709	1052665	63217010,4842268	48156098,4071787	7516520,929649	26459690,2597528	48142143,4071009	48154011,4071742	69860764,5157997	41979426,3717797	48156667,4071819	19443289,2018255
54	15	C	0	26459690
54	1711	C	0	48142143
54	2813	Q	1	9781882	3047095	50172603,4200353	50172606,4200353	17427529,1831783	17424333,1831667	53148844,4333445	23001052,2312697	22962103,2312616	27432450,2660350	63230688,4842497	17425749,1831697
54	4438	Q	2	21085373	4742889	62508542,4808986	42771269,3773171	26430152,2597528	54775565,4413110	36974519,3429323	5970176,783802	48267426,4079362	57572241,4542433	18453868,1938775	3916102,511403
55	M	26	5	
55	0	Q	0	1477341	842068,849596,1988399	44320765,3857107	49110752,4133880	25115210,2509164	31256163,3060153	44099907,3845921	53850172,4371286	7722786,943850	10379007,1089132	55981549,4459101	7224239,891333
55	21	C	0	44320765
55	1321	Q	1	1601951	891754,1023463,1841361,953091	26455794,2597528	11482025,1143888	5452152,702237	69200390,5149883	45425269,3917369	7732041,943850	11452930,1142864	46799268,3987587	8418079,1005074	26547907,2597610
56	M	26	5	
56	0	Q	0	4519503	2172141	70118602,5165951	62311478,4791623	62311651,4791623	39752920,3582086	29426723,2863781	29366006,2863613	49762567,4174142	61634014,4738530	62315240,4791822	27178909,2637320
56	13	Q	1	4519503	2172141	62311478,4791623	39752920,3582086	29426723,2863781	29366006,2863613	61634014,4738530	62315240,4791822	27178909,2637320	12010154,1198409	53755694,4364020	34151144,3277148
57	M	26	5	
57	0	Q	0	4519503	2172141	62311478,4791623	39752920,3582086	29426723,2863781	29366006,2863613	61634014,4738530	62315240,4791822	27178909,2637320	12010154,1198409	53755694,4364020	34151144,3277148
58	M	13	6	
58	0	Q	0	9393184	3018658,4169660,4229350,4585831	31106121,3038166	26847497,2617582	8951902,1045072	46495780,3971912	5698982,742074	13936822,1421820	10368547,1088978	8088974,959246	4510326,596771	20866262,2133861
58	8	C	0	31106121
58	208	Q	1	9393185	3018658,4169660,4229350,4585831,1376776	17194863,1794615	17194945,1794641	46495780,3971912	31106121,3038166	17200054,1795489	5949149,778991	5698982,742074	2837065,400303	17194551,1794602	17199328,1795430
58	214	C	1	17194863
59	M	13	6	
59	0	Q	0	12820482	3560873,3773420,2393235	18618263,1957494	18618503,1957494	49462150,4153429	48405651,4091408	48405649,4091408	50030009,4193303	63254990,4842719	54189332,4388454	63259312,4842783	63407110,4843455
59	25	Q	1	12820482	3560873,3773420,2393235	18618263,1957494	18618503,1957494	49462150,4153429	48405651,4091408	48405649,4091408	50030009,4193303	63254990,4842719	54189332,4388454	63259312,4842783	63407110,4843455
59	27	Q	2	7381109	2773007,3773420,2393235	18617723,1957494	17596520,1857433	54189332,4388454	49006094,4129931	22118524,2254454	5274635,676964	54009394,4375944	65469972,4974441	3029463,421399	1446811,213954
59	69	C	2	18617723
59	388	Q	3	2981249	1507348	32299067,3142702	21226939,2176908	34736733,3279130	31037088,3037930	2539502,365427	65836774,4986849	2589502,371177	66551188,5018562	17513011,1844765	17513373,1844798
59	392	C	3	32299067
60	M	13	6	
60	0	Q	0	1874204	1010727	12332017,1232457	47745474,4036863	47745400,4036858	26209900,2597528	47745416,4036862	47745385,4036854	47745406,4036861	46461513,3969048	12332375,1232461	48860998,4120375
61	M	13	6	
61	0	Q	0	6821922	2661040,4092362	26208060,2597528	6821371,845265	63010403,4832659	49446327,4151858	28472741,2809381	20336835,2089449	29703605,2878116	47135258,4004108	42938114,3787810	40967876,3648239
62	M	14	6	
62	0	Q	0	14797003	3875886,3554796,2847385,2926659,3602944	34617214,3279130	48188771,4074021	48188713,4074021	168156,37387	16730808,1740538	68848397,5149883	15695088,1616720	4256188,563217	15184730,1562965	33402906,3248439
62	23	C	0	34617214
62	80	Q	1	14797004	3875886,3554796,2847385,2926659,4737149	34656488,3279130	16730808,1740538	69295000,5149883	22556046,2260006	30109655,2923324	48188109,4074021	31396559,3080929	11328753,1122683	69483764,5149883	32085788,3136779
62	1965	C	1	34656488
62	2266	Q	2	20659343	4695314	57150959,4520174	30839947,3014715	4031814,531877	6089808,787424	41672633,3703644	34215123,3279130	7202712,888108	12137388,1212789	21988654,2254454	19667117,2026752
62	2277	C	2	30839947
63	M	20	7	
63	0	Q	0	13789025	3722749,3031829	36363007,3401753	36363042,3401753	36376535,3401753	21511470,2214242	32107162,3138164	57372078,4533890	26292428,2597528	36385092,3401761	32052144,3136017	68667688,5142132
63	15	C	0	36363007
64	M	20	7	
64	0	Q	0	10583988	3155634,2926659,4746231,3284943,2926659,2416716,4409045	17123360,1787498	63025291,4833333	37907062,3480218	17910493,1887339	26112629,2597528	51077404,4234431	69848722,5157997	1536139,222475	31018071,3037396	69143314,5149883
64	30	Q	1	10583988	3155634,2926659,4746231,3284943,2926659,2416716,4409045	17123360,1787498	25704499,2565789	63025291,4833333	37907062,3480218	26112629,2597528	17910493,1887339	69848722,5157997	51077404,4234431	1536139,222475	69143314,5149883
64	32	Q	2	10583986	3155634,2926659,4746231,3284943,2926659,2416716	69848722,5157997	51077397,4234431	17123362,1787498	17030274,1782207	16445626,1712202	25693983,2564871	26112629,2597528	831711,133727	15468195,1597923	69143314,5149883
64	43	C	2	69848722
64	61	C	2	17030274
64	1370	Q	3	10583986	3155634,2926659,4746231,3284943,2926659,2416716	69848722,5157997	51077397,4234431	17123362,1787498	17030274,1782207	16445626,1712202	25693983,2564871	26112629,2597528	831711,133727	15468195,1597923	69143314,5149883
64	1376	Q	4	5909177	2497706,3284943,2926659,2416716,4409045	22949931,2311407	6633082,829050	47279843,4011596	31021928,3037396	55202215,4431229	33119598,3243889	62015267,4772002	12113291,1211053	54931070,4419171	56942964,4506998
64	1382	C	4	22949931
65	M	21	7	
65	0	Q	0	13687443	3700720	26519104,2597539	6282321,787424	27486496,2671021	30108808,2923205	68429788,5126966	44294251,3856435	26014343,2597209	56007177,4460567	62679051,4816463	36012193,3387578
65	8	C	0	26519104
66	M	14	8	
66	0	Q	0	10673597	3172883,4677183,2926659,2332686	68310772,5121069	46159030,3957154	8060746,955692	18025386,1888412	38206623,3500036	4747984,632497	12677881,1280881	13367255,1369969	2349010,346119	1358266,210432
66	48	C	0	46159030
67	M	1	9	
67	0	Q	0	2045176	1080107	3389557,457260	61041945,4713331	34765548,3279130	20962918,2146003	45784502,3935118	38249644,3501913	67920648,5096241	12030247,1199327	9470993,1080196	456853,79639
67	32	C	0	3389557
67	61	Q	1	2045177	1080108	26475145,2597528	50569541,4217515	25797424,2582407	25797428,2582410	66450348,5013638	19705692,2026752	69238714,5149883	25797423,2582406	3231791,441339	34765549,3279130
68	M	11	10	
68	0	Q	0	11610624	3360696	53945593,4374160	53942574,4374077	18148275,1905400	18146039,1905135	26160743,2597528	53982303,4374405	17425744,1831697	23246356,2340203	3273018,443265	53947745,4374243
68	2	C	0	53945593
69	M	16	10	
69	0	Q	0	4394913	2106856	34175267,3279130	34033472,3277148	31455963,3084739	39008410,3549024	52754664,4306706	43630531,3823198	11352247,1125990	1045409,156610	19715603,2026752	60010091,4668800
70	M	21	10	
70	0	Q	0	4394913	2106856	34175267,3279130	34033472,3277148	31455963,3084739	43630531,3823198	39008410,3549024	52754664,4306706	11352247,1125990	19715603,2026752	1045409,156610	60010091,4668800
71	M	18	11	
71	0	Q	0	16138379	4069115,4291604	60678158,4694795	62315487,4791822	25631186,2553264	60685862,4695723	36829375,3418807	3276226,443265	67717347,5086272	6510221,806576	68099861,5104814	60682011,4694802
71	13	C	0	60678158
71	1144	Q	1	18483990	4328874,369370	44934075,3893210	29292499,2863442	63350691,4843068	63350695,4843068	63378879,4843233	29785043,2889219	63394592,4843368	29205306,2863182	58148591,4574807	47675028,4031664
72	M	25	11	
72	0	Q	0	11665585	3374799,3571702,2926659,3474457	18728698,1969126	54162543,4387372	26134853,2597528	44255974,3856006	54162425,4387370	44212601,3853711	44264444,3856031	18731027,1969150	44268350,3856163	37091990,3435967
72	40	C	0	18728698
73	M	6	12	
73	0	Q	0	7739226	2845383	52518704,4295930	52519152,4295930	52519976,4295933	26088404,2597528	52519974,4295930	16232187,1697410	49789073,4176924	3710699,490921	17173554,1792148	30701771,2993474
73	6	C	0	52518704
73	2120	Q	1	15390334	3952468,3775551	24398612,2436202	67956425,5099231	13644864,1399195	29934108,2905430	58151968,4574974	52703143,4303423	12526868,1259258	12605514,1272641	6500987,805290	32312669,3142702
73	2122	C	1	24398612
74	M	15	13	
74	0	Q	0	8172171	2916391,4666441	69641360,5151100	26435897,2597528	8595479,1024731	64781200,4920710	17242115,1802105	49227783,4139894	20759666,2120667	52071347,4287077	51587068,4264013	47755301,4037568
74	4	C	0	69641360
74	477	C	0	26435897
74	583	C	0	8595479
74	935	C	0	64781200
74	968	C	0	17242115
74	1014	Q	1	8172171	2916391,4666441	69641360,5151100	26435897,2597528	8595479,1024731	64781200,4920710	17242115,1802105	49227783,4139894	20759666,2120667	52071347,4287077	51587068,4264013	47755301,4037568
74	1063	Q	2	8170471	2916245,4657422	54121038,4384331	54120985,4384331	26420650,2597528	46862468,3989831	5494665,708585	64710767,4914395	13932288,1421401	40700913,3631956	62822721,4824068	27695213,2698555
74	1069	C	2	54121038
74	1329	Q	3	8170471	2916245,4657422	54121038,4384331	54120985,4384331	26420650,2597528	46862468,3989831	5494665,708585	64710767,4914395	13932288,1421401	40700913,3631956	62822721,4824068	27695213,2698555
74	1350	Q	4	8170034	2916245,4498382	26406750,2597528	20759666,2120667	52375383,4295885	17502644,1842231	31710009,3101031	9091156,1059948	6797041,841528	66035594,4999972	54121028,4384331	26527864,2597539
74	1356	C	4	20759666
74	1770	C	4	52375383
74	1836	Q	5	8170034	2916245,4498382	26406750,2597528	20759666,2120667	52375383,4295885	17502644,1842231	31710009,3101031	9091156,1059948	6797041,841528	66035594,4999972	54121028,4384331	26527864,2597539
74	1857	Q	6	8164156	2916245,3638680	67282145,5061216	18936938,1991732	6770778,838113	57340171,4531170	309322,55537	52440578,4295885	54121042,4384331	2501211,360389	62821888,4824068	66883615,5041691
74	1865	C	6	18936938
74	1885	C	6	6770778
74	1951	C	6	52440578
74	2052	C	6	54121042
74	2122	Q	7	8164156	2916245,3638680	67282145,5061216	18936938,1991732	6770778,838113	57340171,4531170	309322,55537	52440578,4295885	54121042,4384331	2501211,360389	62821888,4824068	66883615,5041691
74	2164	Q	8	8162923	2916245,3025504	55837767,4450714	53127040,4331139	2346961,345939	31369186,3078624	13132230,1334173	13132225,1334173	26184697,2597528	46007100,3947507	70089810,5165114	61184673,4721623
74	2177	C	8	55837767
74	2274	C	8	53127040
74	2410	C	8	31369186
75	M	17	13	
75	0	Q	0	8162923	2916245,3025504	55837767,4450714	2346961,345939	53127040,4331139	31369186,3078624	13132230,1334173	13132225,1334173	26184697,2597528	46011420,3948059	61184673,4721623	59544475,4641053
76	M	20	13	
76	0	Q	0	20698709	4702553,3865433,2452511,4645373,4063965	58212208,4578785	18927230,1991206	64927233,4928402	42625747,3762718	26356357,2597528	47610832,4029187	47595119,4029187	54103412,4384326	5229845,672287	11299149,1121104
76	21	C	0	42625747
77	M	21	13	
77	0	Q	0	20698709	4702553,3865433,2452511,4645373,4063965	58212208,4578785	18927230,1991206	64927233,4928402	42625747,3762718	26356357,2597528	47610832,4029187	47595119,4029187	54103412,4384326	5229845,672287	11299149,1121104
77	11	Q	1	4468177	2148420,2151535,1634390	56757323,4494209	50463164,4217188	50490202,4217382	27452936,2665443	32052250,3136017	32068002,3136290	35102,4305	64920865,4928056	20160326,2061960	41473450,3690714
77	17	C	1	56757323
77	85	Q	2	4468177	2148420,2151535,1634390	56757323,4494209	50463164,4217188	50490202,4217382	27452936,2665443	32052250,3136017	32068002,3136290	35102,4305	64920865,4928056	20160326,2061960	41473450,3690714
77	115	Q	3	3953582	1877841,3930428	56649580,4489717	68672734,5142132	32052317,3136017	32079307,3136486	59330326,4631418	67208656,5057433	24308872,2424376	26026173,2597411	32066680,3136275	322207,56506
77	119	C	3	56649580
77	2090	C	3	56649580
77	2134	C	3	68672734
77	2185	C	3	32079307
78	M	21	14	
78	0	Q	0	15631272	3998360	24852015,2485161	55897972,4454091	34760144,3279130	22692465,2283133	59873848,4660330	5890047,772151	19803299,2026752	26303928,2597528	37972615,3485867	64636030,4908520
78	19	C	0	24852015
78	59	C	0	55897972
78	85	Q	1	15631272	3998360	24852015,2485161	55897972,4454091	34760144,3279130	22692465,2283133	59873848,4660330	5890047,772151	19803299,2026752	26303928,2597528	37972615,3485867	64636030,4908520
78	98	Q	2	15631276	3998360,4221428	12257716,1223149	17360128,1823022	69957125,5157997	39672292,3575537	26303928,2597528	23574069,2365150	32669602,3179894	11473033,1143728	33845095,3249742	69412053,5149883
78	235	Q	3	15631275	3998360,4219157,3930261	11473033,1143728	11222437,1112154	24852015,2485161	39672292,3575537	39672282,3575537	26303928,2597528	24852016,2485162	64636030,4908520	59873848,4660330	34558017,3279130
78	347	Q	4	15631275	3998360,4219157,3930261	11473033,1143728	11222437,1112154	24852015,2485161	39672292,3575537	39672282,3575537	26303928,2597528	24852016,2485162	64636030,4908520	59873848,4660330	34558017,3279130
78	402	Q	5	3276646	1628797	59906354,4663377	32071751,3136329	11068826,1097454	24742126,2472589	26368750,2597528	59906332,4663375	20610398,2106456	913929,142217	60009057,4668800	39016991,3549467
78	432	Q	6	3276646	1628797	59906354,4663377	32071751,3136329	11068826,1097454	24742126,2472589	26368750,2597528	59906332,4663375	20610398,2106456	913929,142217	60009057,4668800	39016991,3549467
79	M	21	14	
79	0	Q	0	19508777	4509455,4537448,3130025,4117921,3836370,1626654,4219157,4695956,4454730	59873743,4660327	59873720,4660327	65549669,4975721	65511376,4975721	47408107,4022549	12983801,1316567	26793908,2617582	57795449,4560822	6561235,820925	31606415,3091409
79	23	C	0	59873743
79	390	C	0	59873720
80	M	21	14	
80	0	Q	1	19682256	4537923,2799516,3130025	24683169,2464270	57795449,4560822	68644194,5140279	22122150,2254454	60005817,4668742	38169666,3497810	21752867,2237312	20618825,2106584	35781892,3365827	58341909,4586079
80	0	Q	0	19508777	4509455,4537448,3130025,4117921,3836370,1626654,4219157,4695956,4454730	59873743,4660327	59873720,4660327	65549669,4975721	65511376,4975721	47408107,4022549	12983801,1316567	26793908,2617582	57795449,4560822	6561235,820925	31606415,3091409
81	M	1	15	
81	0	Q	0	20574879	4686273,2905281,3832067	64774669,4920494	64764265,4919224	50260470,4206145	37568479,3466840	54704869,4412206	38320547,3505936	49903214,4189192	43571667,3819660	5116482,662821	41473654,3690714
81	19	C	0	64774669
82	M	1	15	
82	0	Q	0	5181927	2352698,4140683,3745250	40853140,3644126	40853215,3644126	40853217,3644126	39571081,3571042	4060287,533696	43684719,3825756	37593919,3467664	2802586,398944	39478037,3568358	2827755,399351
82	6	C	0	40853140
83	M	3	15	
83	0	Q	0	13525158	3664769,273840,3489311,3899348,4506283	21087160,2160140	48446519,4094284	49982775,4192083	24785839,2474957	38816980,3538815	66825833,5037493	54695171,4412206	35045864,3302221	22093888,2254454	9650073,1082612
83	8	C	0	21087160
83	204	C	0	38816980
83	646	C	0	35045864
84	M	8	15	
84	0	Q	0	3111978	1561791,1524472,775139,817115,2132711	40955036,3647371	40954209,3647371	59297579,4630273	70592158,5221369	36259056,3400327	9882470,1084449	58141751,4574394	10577676,1091767	38335743,3507378	47356751,4017800
85	M	8	15	
85	0	Q	0	20923314	4710450,4389968,4363052,4556913,3993294,2557414	31904342,3119484	31904344,3119484	40950349,3647335	69777876,5156965	60779312,4702038	42250093,3735578	48439237,4094284	38816864,3538815	6568540,822124	40541125,3624103
85	30	C	0	31904344
85	120	C	0	40950349
86	M	14	15	
86	0	Q	0	13546883	3670116,4097299,3980987	58136327,4574394	13713541,1406916	40926098,3647169	40953340,3647371	58997293,4616072	50741902,4222407	60779933,4702038	56570245,4486628	9649707,1082612	4106440,538791
86	10	C	0	13713541
87	M	16	15	
87	0	Q	0	12832488	3563175,3248535,322624,3127221,3664392,3899348,4506283	9874135,1084364	9867507,1084364	58999677,4616072	58998751,4616072	46837512,3989299	40922332,3647169	40937279,3647294	40941560,3647335	42874596,3782963	60885679,4708638
87	11	C	0	9874135
87	222	C	0	9867507
87	442	C	0	60885679
88	M	18	15	
88	0	Q	0	5667689	2452511,3020783,2353124,4257689,3457294,2352931,4436770,2452511,4143827	64737677,4917369	39573199,3571042	7356445,905482	2820821,399199	2828459,399351	58033099,4571541	37593850,3467664	27398016,2655032	48522351,4099097	63751136,4854940
88	17	C	0	39573199
88	244	C	0	2820821
88	332	C	0	63751136
88	9031	C	0	48522351
89	M	22	15	
89	0	Q	0	10509813	3140263,2771769,3809197	34175267,3279130	34171511,3279018	35444452,3339757	15370141,1583351	31342884,3075887	43630531,3823198	26202930,2597528	29902424,2902450	34853233,3279358	39016998,3549467
89	6	C	0	34175267
90	M	22	15	
90	0	Q	0	10509813	3140263,2771769,3809197	34175267,3279130	34171511,3279018	35444452,3339757	15370141,1583351	31342884,3075887	43630531,3823198	26202930,2597528	29902424,2902450	34853233,3279358	39016998,3549467
90	6	C	0	34175267
91	M	25	15	
91	0	Q	0	20280349	4619000,3783619,4144609	46529999,3975533	46527648,3975533	46529418,3975533	47629622,4029651	25723843,2568352	844419,133787	41388619,3685082	26555087,2598576	49891891,4188262	58139334,4574394
91	23	C	0	46529999
92	M	25	15	
92	0	Q	0	10509813	3140263,2771769,3809197	34175267,3279130	34171511,3279018	35444452,3339757	15370141,1583351	31342884,3075887	43630531,3823198	26065978,2597528	29902424,2902450	39016998,3549467	62861215,4825939
92	10	C	0	34175267
93	M	25	15	
93	0	Q	0	9164292	3018658,3767520,2780300	66744658,5032238	49088425,4133615	49090407,4133615	62489741,4807702	60025775,4668800	16276519,1697410	21802662,2240143	25784420,2580926	2804636,398944	41473999,3690714
93	11	C	0	66744658
94	M	6	16	
94	0	Q	0	5444431	2410363,236916	69711005,5154416	23007974,2312697	22972360,2312697	842368,133787	842352,133787	56645849,4489675	51961718,4280928	63378121,4843233	29295627,2863442	59180642,4624936
95	M	21	17	
95	0	Q	0	7038468	2690554,3868068	47476647,4025515	17282435,1809466	39016975,3549467	47350338,4016921	58151871,4574974	49004808,4129794	35530132,3345689	12022522,1198644	36263594,3400524	23012138,2313238
95	118	Q	1	72299	135267	51313,7812	69331009,5149883	4281521,568578	30386770,2949249	34242468,3279130	52072,7845	56030391,4462281	17035043,1782207	21652024,2225776	8748327,1035116
95	124	C	1	51313
96	M	24	17	
96	0	Q	0	18217881	4291604,3443985,4050918,2540207	68118513,5107539	56118070,4464313	6186301,787424	58054040,4571627	12189384,1217878	46978056,3993261	50164642,4200258	38368300,3509813	39544169,3570649	48403997,4091334
96	165	Q	1	11618983	3360696,4291604	18146039,1905135	53945593,4374160	55012040,4420825	53982641,4374405	46983717,3993261	63230462,4842497	53944771,4374118	47052986,3998055	63408649,4843469	16196871,1694074
97	M	24	17	
97	0	Q	0	18216778	4291604,3360696	18146039,1905135	53945593,4374160	55012040,4420825	46983717,3993261	53982641,4374405	47052986,3998055	63230462,4842497	18148276,1905400	53944771,4374118	68013706,5101413
98	M	24	17	
98	0	Q	0	16505263	4130733,4667749	51307509,4247054	47605687,4029187	61783530,4751757	57826367,4563298	46878875,3991417	42270767,3737657	38320262,3505936	42276986,3737862	18314544,1931146	9002489,1049222
98	17	C	0	51307509
98	101	C	0	47605687
99	M	25	17	
99	0	Q	0	18216778	4291604,3360696	18146039,1905135	53945593,4374160	55012040,4420825	46966593,3993261	53982641,4374405	47052986,3998055	63230462,4842497	18148276,1905400	53944771,4374118	66135324,5003733
99	32	Q	1	18212423	4291604,2905281,3153220	37946950,3483544	47746219,4036958	29487423,2863958	39050428,3550845	49957835,4192083	28424734,2807184	51905817,4276849	49375948,4148388	58064576,4571627	46967008,3993261
99	53	C	1	37946950
100	M	2	18	
100	0	Q	0	8722714	3000338,3328368,2907379,4722486	8539614,1017863	46959571,3993257	27940041,2736772	63249207,4842640	62853749,4825724	47370064,4018651	70992695,5274001	20637554,2106605	45021516,3897406	5763886,753860
101	M	6	18	
101	0	Q	0	19617332	4526632,2611914	26335354,2597528	22943245,2311186	68168118,5112783	68013824,5101413	22963444,2312616	50159388,4200258	63377073,4843233	54127114,4384905	48404670,4091334	67900018,5093653
102	M	15	18	
102	0	Q	0	17958258	4250466,3613096,2983021	57134744,4519618	32687083,3181257	32684375,3181257	23761996,2381173	23781793,2382276	8102931,961509	23910575,2389421	7036708,864776	70519156,5211617	58840290,4607550
102	10	C	0	32687083
102	892	C	0	32687083
103	M	15	18	
103	0	Q	0	17868440	4249887,3613096,3845213,2983021	61444889,4727786	7037192,864776	58834093,4607406	44844705,3888868	23803711,2382343	35228703,3317057	61425994,4727438	6474093,800837	18477099,1943573	58821453,4606923
103	13	C	0	61444889
104	M	16	18	
104	0	Q	0	188606	230801,3654257,3370518,4291604	21866385,2249890	55300755,4433179	69735318,5154646	22600212,2265667	32800537,3195565	45978216,3945853	3433964,463646	21213119,2176137	27172452,2637320	63324308,4842963
105	M	22	18	
105	0	Q	0	5491329	2416983,3818096	58707793,4600918	58707833,4600918	23696289,2370824	6685736,830208	37693961,3470227	29212126,2863184	23678445,2368055	12177832,1216590	47633531,4029651	51481339,4255368
106	M	23	18	
106	0	Q	0	12479821	3499268,4566163,4300636	28412501,2804766	15863240,1643240	18180342,1909228	32935010,3218510	23330785,2346350	37989653,3487289	1960563,291372	26272704,2597528	30627769,2984995	23337538,2346730
106	11	C	0	32935010
107	M	23	18	
107	0	Q	0	15850548	4028972	26304901,2597528	24961454,2498877	32737716,3187986	24962100,2498981	1574734,227223	4872539,646186	24961394,2498864	67100858,5054185	70050352,5162895	28052665,2753790
108	M	26	18	
108	0	Q	0	809959	587550	39111763,3552825	39106693,3552792	2535068,364694	26447165,2597528	49639436,4164135	39104907,3552747	39104888,3552742	39106222,3552778	49229031,4140024	64237077,4883410
108	36	Q	1	810028	587550,1403091,1576407	39104917,3552747	59329894,4631369	21626602,2221510	17748319,1878642	62950308,4828867	39111763,3552825	20841554,2133861	20854214,2133861	46415518,3967156	68410051,5125694
109	M	27	18	
109	0	Q	0	18960199	4409832,3741762,2686785,537500,1514337	17924886,1887339	1176945,179114	1176942,179114	30366409,2945029	26445234,2597528	1176882,179112	17569323,1854837	1489375,215684	63019635,4833329	13327841,1362835
109	19	C	0	1176882
109	30	C	0	63019635
110	M	19	19	
110	0	Q	0	2420329	1290550	15030753,1550892	14896809,1548593	34755466,3279130	50437195,4216952	70330226,5178928	14896059,1548566	42367560,3743455	15119020,1553728	21601788,2220093	36436629,3403788
110	4	C	0	15030753
110	1060	Q	1	2420317	1290545	15030753,1550892	50476541,4217299	34623007,3279130	15030745,1550888	50435871,4216910	23481886,2362483	15030746,1550889	14896059,1548566	14896796,1548593	28001282,2744403
110	1068	C	1	15030753
111	M	6	20	
111	0	Q	0	3507165	1721721	48027703,4057766	27639791,2691943	52195617,4293154	25922595,2593742	5417456,698012	27639792,2691944	32175249,3142702	35584936,3356018	48758597,4114937	57293113,4528418
112	M	3	21	
112	0	Q	0	4653637	2233389	2393063,349665	70277134,5172852	1323846,208533	39124861,3553595	39115350,3553050	893545,138432	70561777,5215805	2551853,366517	2375546,349508	38922036,3545160
112	19	Q	1	4653637	2233389	2393063,349665	70277134,5172852	1323846,208533	39124861,3553595	39115350,3553050	893545,138432	70561777,5215805	2551853,366517	2375546,349508	38922036,3545160
112	29	Q	2	5789982	2467472,3672873,4128588	67906178,5094339	67906195,5094339	67906268,5094339	64426958,4894086	27402586,2655130	46543584,3976777	29320485,2863497	29332874,2863521	29200924,2863182	23253487,2340209
112	37	C	2	67906178
113	M	6	21	
113	0	Q	0	17978524	4254833,3155336,3054507	28744385,2826339	58875560,4609342	36829384,3418807	27178772,2637320	48398034,4090739	29229774,2863277	64045573,4873946	29321388,2863497	23448433,2359144	28744445,2826340
113	23	C	0	28744385
114	M	9	21	
114	0	Q	0	11958661	3420827,4141277	63254471,4842719	63254537,4842719	42821426,3777661	39089946,3551649	49344705,4146724	36080103,3394842	64406616,4891911	58044443,4571627	35593155,3356077	29340575,2863521
114	6	C	0	63254471
115	M	12	21	
115	0	Q	0	14589715	3853631,4586659,284354,2650941	53747131,4363520	50499409,4217414	8819060,1038002	45514825,3921380	12338322,1233129	50464829,4217188	8844544,1038518	32571500,3165306	67418551,5074183	33840064,3249723
115	156	C	0	53747131
115	431	C	0	53747131
115	583	C	0	53747131
116	M	18	21	
116	0	Q	0	16469214	4128588,3765847,4078415,1348180	52240103,4294803	24971941,2499851	4349833,578903	59072826,4617128	16724301,1739609	35443942,3339757	70562880,5215805	64384623,4890849	4368575,579206	4358824,579034
116	25	C	0	52240103
116	67	C	0	4349833
116	166	C	0	16724301
116	203	C	0	4358824
116	247	C	0	4368575
116	273	C	0	52240103
117	M	19	21	
117	0	Q	0	4653637	2233389	2393063,349665	70277134,5172852	1323846,208533	39124861,3553595	39115350,3553050	893545,138432	2551853,366517	70561777,5215805	2375546,349508	46923775,3993257
117	21	Q	1	4653637	2233389	2393063,349665	70277134,5172852	1323846,208533	39124861,3553595	39115350,3553050	893545,138432	2551853,366517	70561777,5215805	2375546,349508	46923775,3993257
117	31	Q	2	15125551	3922873	54288610,4391118	20703566,2108878	21512864,2214365	24099871,2404964	62424954,4801939	39777527,3584181	18406659,1937655	56140261,4464598	8420370,1005265	8503780,1013242
117	37	C	2	54288610
117	116	C	2	20703566
117	241	C	2	21512864
117	655	C	2	24099871
118	M	19	21	
118	0	Q	0	4653637	2233389	2393063,349665	70277134,5172852	1323846,208533	39124861,3553595	39115350,3553050	893545,138432	2551853,366517	70561777,5215805	2375546,349508	46923775,3993257
119	M	25	21	
119	0	Q	0	4653637	2233389	2393063,349665	70277134,5172852	39124861,3553595	39115350,3553050	893545,138432	2551853,366517	38923222,3545160	70561777,5215805	2375546,349508	46923775,3993257
119	17	Q	1	4653637	2233389	2393063,349665	70277134,5172852	39124861,3553595	39115350,3553050	893545,138432	2551853,366517	38923222,3545160	70561777,5215805	2375546,349508	46923775,3993257
120	M	2	22	
120	0	Q	0	18636872	4358699,3919475,2573529,4013255	61715293,4744974	61715271,4744974	47651501,4030355	49886143,4188146	18865348,1984317	6706921,832088	21866551,2250047	64171572,4879501	59773901,4655975	59773995,4655975
120	25	Q	1	18636879	4358699,3919475,2573529,4013255,3991477	21866551,2250047	49886143,4188146	47651501,4030355	61715293,4744974	63282431,4842963	54282788,4390842	54282781,4390842	59774170,4655975	6706921,832088	54347152,4394646
120	59	C	1	63282431
120	90	C	1	63282431
120	108	C	1	47651501
120	220	Q	2	15588742	3991477,3370518,3872014	51896825,4276709	8480972,1009691	6660017,829281	62996444,4831539	66815159,5036824	54346628,4394646	24768188,2474928	21912474,2251977	21867938,2250904	55753966,4446024
120	239	C	2	8480972
120	334	Q	3	15588742	3991477,3370518,3872014	51896825,4276709	6660017,829281	62996444,4831539	66815159,5036824	54346628,4394646	53984725,4374457	46082494,3953018	24768188,2474928	21867938,2250904	38544919,3522379
120	363	C	3	24768188
120	3091	Q	4	18290888	4303815,2414004	20629521,2106605	20643291,2106605	29644340,2875000	3965813,518356	70563689,5215805	57886292,4566600	21372200,2194023	63582040,4851392	63549628,4850147	54025584,4377020
120	3101	C	4	20629521
120	3328	Q	5	12585811	3531370,3078369,284354	21011631,2151253	53745957,4363520	15046850,1551399	6419962,792106	50466635,4217188	45497257,3921380	16867620,1758438	14902810,1548739	55342002,4434743	71012232,5275588
120	3336	Q	6	12585811	3531370,3078369,284354	21011631,2151253	53745957,4363520	15046850,1551399	6419962,792106	50466635,4217188	45497257,3921380	16867620,1758438	14902810,1548739	55342002,4434743	71012232,5275588
120	3344	Q	7	12586059	3531370,3078369,284354,4249887,3613096,2383044	15061116,1551582	16867620,1758438	71012232,5275588	13327254,1362790	6419962,792106	21561109,2218279	12076766,1207124	50646825,4217840	68793126,5147808	67239999,5059108
120	3363	C	7	15061116
120	3425	C	7	16867620
120	3647	Q	8	16225650	4085829,2768991,89169,3613096,2383044,2452511,4653614,3058947	14804205,1536302	71010023,5275588	15109172,1552834	12067705,1205783	165015,37351	15037512,1551173	2961017,412388	11809226,1179824	14902917,1548739	33101165,3241986
120	3651	C	8	14804205
120	3807	C	8	71010023
120	3844	C	8	15109172
120	3884	C	8	165015
121	M	2	22	
121	0	Q	0	13840359	3724853,4117921,2282824,3442492,4106922	65806429,4985051	65808347,4985051	22889544,2305465	31747494,3105249	31747249,3105186	19107909,1999027	22884386,2304473	44745363,3881104	31747361,3105207	22901505,2305538
121	8	C	0	65806429
122	M	2	22	
122	0	Q	0	9134066	3018658,3669424,2844855,2760006	47074757,3998932	64768312,4919492	2137961,315716	22762996,2293491	22127526,2254454	61171419,4721172	22790307,2294429	25020397,2506258	26415615,2597528	62077670,4776324
123	M	2	22	
123	0	Q	0	18195964	4289985,3554796,4048741,4642413,2995285	48089727,4065903	84904,14635	68608483,5138848	6648469,829163	55783888,4448050	30778219,3005809	70130533,5166664	23965015,2394845	13491585,1381885	39843240,3589154
123	49	Q	1	18195964	4289985,3554796,4048741,4642413,2995285	48089727,4065903	84904,14635	68608483,5138848	6648469,829163	55783888,4448050	30778219,3005809	70130533,5166664	23965015,2394845	13491585,1381885	39843240,3589154
123	72	Q	2	18195965	4289985,3554796,4048741,4642413,2995285,4607418	69992826,5158749	1624491,238544	51429477,4254077	68608506,5138848	41665207,3703103	48089727,4065903	15227973,1569481	66292054,5009192	17837091,1883378	15298398,1575845
123	95	C	2	68608506
123	119	C	2	41665207
123	326	Q	3	18195966	4289985,3554796,4048741,4642413,2995285,4607418,3149757	6875213,851499	2448640,353459	62391079,4798571	7469070,921121	259449,42958	22888361,2305256	17461112,1841359	58996457,4616053	53454109,4357385	69652226,5151869
123	330	C	3	62391079
124	M	3	22	
124	0	Q	0	18316264	4306462,3554796,4048741,4642413,2995285,2885070	16091202,1679413	26569359,2600275	6648469,829163	13491585,1381885	2872320,405666	55783888,4448050	70130533,5166664	54398220,4397714	21517149,2214906	37577723,3467426
124	8	C	0	16091202
124	364	C	0	26569359
124	1116	Q	1	18316264	4306462,3554796,4048741,4642413,2995285,2885070	16091202,1679413	26569359,2600275	6648469,829163	13491585,1381885	2872320,405666	55783888,4448050	70130533,5166664	54398220,4397714	21517149,2214906	37577723,3467426
125	M	3	22	
125	0	Q	0	12109695	3442492,2933183,323894,4249887,3613096,2383044,2452511,4653614,3058947	71005445,5275588	12077871,1207124	15042906,1551307	4733878,630695	11807936,1179824	19942431,2036805	35796437,3367300	8840256,1038497	14805715,1536302	40224017,3603185
125	86	Q	1	12109695	3442492,2933183,323894,4249887,3613096,2383044,2452511,4653614,3058947	71005445,5275588	12077871,1207124	15042906,1551307	4733878,630695	11807936,1179824	19942431,2036805	35796437,3367300	8840256,1038497	14805715,1536302	40224017,3603185
125	96	Q	2	14159913	3785539,273840,4176562,4106728,2486139,4249887,3613096	17441554,1834973	61349208,4725732	12077625,1207124	13627918,1397887	18639212,1959178	40227904,3603185	35213880,3315055	50446621,4217066	34157423,3278045	23435057,2357201
125	104	C	2	17441554
125	150	C	2	12077625
125	216	C	2	13627918
125	249	C	2	40227904
125	286	C	2	50446621
125	326	C	2	34157423
125	517	C	2	35213880
125	583	C	2	61349208
125	625	Q	3	14159913	3785539,273840,4176562,4106728,2486139,4249887,3613096	17441554,1834973	61349208,4725732	12077625,1207124	13627918,1397887	18639212,1959178	40227904,3603185	35213880,3315055	50446621,4217066	34157423,3278045	23435057,2357201
125	638	Q	4	16905257	4191090,284354,2650941,4300636	8998449,1048860	23975655,2396521	10188797,1087536	50499409,4217414	52316456,4295885	67876525,5092238	15352551,1580200	64977515,4931240	45514612,3921380	19904035,2033367
125	653	C	4	23975655
125	3423	Q	5	11112885	3259830	52240103,4294803	46225354,3959876	19632167,2025137	34325522,3279130	6848460,847718	10971959,1097321	11209058,1111383	16717737,1738230	48768059,4115688	55142807,4429186
125	3429	C	5	52240103
125	3695	C	5	46225354
125	3721	C	5	6848460
125	4405	Q	6	4604687	2223608,2452511,4143827	39060827,3551649	39061378,3551649	39065974,3551649	27398472,2655040	2522212,362401	2522462,362458	29220346,2863227	27257254,2637612	29314809,2863473	14474654,1483083
125	4416	C	6	27398472
126	M	3	22	
126	0	Q	0	18204528	4291553,2934298	12431504,1247644	33145288,3247305	36552260,3407256	16812629,1748741	51230134,4243488	24734339,2470370	27829895,2718979	3769336,500230	8268257,986138	19814196,2026752
126	6	C	0	12431504
126	32	C	0	16812629
126	109	C	0	3769336
126	3649	Q	1	12510613	3511217,446804,4219157,2383044,3442492,4107874,4454730	65580650,4975723	20342448,2090816	56006653,4460514	12983699,1316567	56007078,4460539	28931560,2835348	21131969,2164348	3262936,443212	39017042,3549467	20342378,2090783
126	3655	C	1	20342448
126	3679	C	1	65580650
126	3701	C	1	12983699
126	3767	C	1	56007078
127	M	4	22	
127	0	Q	0	15947442	4046947,3992938,2669772,4556862,2452511,3545907	45172323,3908726	27562518,2681690	47195122,4008351	47195194,4008351	61851022,4757197	57841662,4564319	61093968,4717719	63854703,4863320	27572152,2683222	47630893,4029651
127	80	Q	1	15947442	4046947,3992938,2669772,4556862,2452511,3545907	45172323,3908726	27562518,2681690	47195122,4008351	47195194,4008351	61851022,4757197	57841662,4564319	61093968,4717719	63854703,4863320	27572152,2683222	47630893,4029651
127	91	Q	2	480329	428547,3546139	26443492,2597528	41119119,3660084	46314055,3960609	31711351,3101031	15611074,1609843	63598314,4851392	59070976,4617026	18060376,1893269	25186266,2516128	48761867,4115417
127	197	Q	3	480329	428547,3546139	26443492,2597528	41119119,3660084	10188632,1087532	31711351,3101031	51294546,4246780	63598314,4851392	59070976,4617026	18060376,1893269	25186266,2516128	48761867,4115417
127	210	Q	4	480406	428547,3546139,284354,2589474	58616961,4597444	41120883,3660084	51294546,4246780	56303302,4468864	56207328,4467445	20802979,2131688	51414596,4253172	25865907,2589850	70050974,5162923	66060832,5001029
127	303	C	4	41120883
127	499	C	4	51294546
127	624	C	4	56207328
127	3570	Q	5	10607488	3160911,4607418	36500393,3405144	31865954,3114734	38281663,3503440	5256278,675154	44586542,3871309	5288923,678889	5872069,769893	15505034,1602095	15505987,1602226	46345654,3962386
128	M	5	22	
128	0	Q	0	20451942	4660485,2633632	47194703,4008310	45558210,3924344	11835452,1183020	26421035,2597528	12489774,1256651	57677317,4550397	46248277,3959876	56121754,4464335	11253578,1115239	5710149,743456
129	M	5	22	
129	0	Q	0	20451942	4660485,2633632	47194703,4008310	45558210,3924344	11835452,1183020	26421035,2597528	12489774,1256651	57677317,4550397	46248277,3959876	56121754,4464335	11253578,1115239	5710149,743456
130	M	5	22	
130	0	Q	0	20454502	4660619,3294360	3272684,443265	38530100,3521231	51142673,4239096	42361943,3743179	38490735,3517443	35720255,3361036	37653228,3469289	38528113,3521122	38293179,3503702	60720731,4699047
130	15	Q	1	20454502	4660619,3294360	3272684,443265	38530100,3521231	51142673,4239096	42361943,3743179	38490735,3517443	35720255,3361036	37653228,3469289	38528113,3521122	38293179,3503702	60720731,4699047
130	26	Q	2	20454502	4660619,3294360	3272684,443265	38530100,3521231	51142673,4239096	42361943,3743179	38490735,3517443	35720255,3361036	37653228,3469289	38528113,3521122	38293179,3503702	60720731,4699047
130	39	Q	3	20451942	4660485,2633632	47194703,4008310	45558210,3924344	11835452,1183020	26421035,2597528	12489774,1256651	57677317,4550397	46248277,3959876	56121754,4464335	11253578,1115239	5710149,743456
131	M	6	22	
131	0	Q	0	962925	648382	62912736,4828461	4075147,535352	4075122,535341	36934697,3425688	7687417,943850	36933939,3425686	26108324,2597528	55603793,4440715	4075120,535339	37455022,3458697
131	6	C	0	4075147
131	30	C	0	4075122
131	844	C	0	4075120
132	M	6	22	
132	0	Q	0	17670768	4234034	28406892,2803859	5111159,662424	21250468,2179127	69695874,5153755	28406886,2803855	60021103,4668800	30309600,2938326	40390998,3612780	35458076,3341467	49814225,4179253
132	6	C	0	28406892
132	3471	Q	1	6552542	2613981	26204412,2597528	20251137,2078645	902352,140068	4528205,600846	20117879,2055244	66404406,5011409	20120579,2055774	67658688,5084574	55782930,4448024	3354361,454713
133	M	7	22	
133	0	Q	0	15568888	3991477,2452511,2231741,4291604	53355781,4348974	3272402,443265	84811,14635	27164313,2637209	63345825,4843047	24765261,2474928	29328512,2863521	21316677,2186611	41187232,3668939	14227816,1463009
134	M	7	22	
134	0	Q	0	15580354	3991477,2452511,4291604,2452511,2223327	3272592,443265	29415372,2863781	29306417,2863473	36077543,3394819	37377536,3452794	64360583,4890733	24759629,2474928	29328642,2863521	58037420,4571627	37353627,3450450
134	17	C	0	29415372
134	43	C	0	29306417
134	138	C	0	29328642
134	527	Q	1	15582311	3991477,2452511,4492080	31648739,3095759	56130062,4464375	58397081,4586787	37735720,3471226	47974312,4053295	53248025,4339861	29409299,2863781	65711282,4978535	26682789,2609009	40984596,3650550
134	651	C	1	56130062
134	948	C	1	37735720
134	1054	C	1	29409299
135	M	8	22	
135	0	Q	0	17951790	4249887,4602662,4599421,323894	46129185,3955254	46045799,3951410	37585175,3467487	2372786,349423	956928,147192	60670347,4694376	28656000,2819762	9118284,1064312	8665617,1028999	27014478,2617682
135	8	C	0	46129185
135	63	Q	1	17951791	4249887,4602662,4599421,323894,4607418	46046447,3951410	37585174,3467487	37585177,3467487	46129109,3955254	9201135,1071011	956928,147192	5031475,655223	4923156,647254	2449162,353466	60841864,4707184
135	190	Q	2	17951792	4249887,4602662,4599421,323894,4607418,4175663	46045751,3951410	37585177,3467487	32916532,3216748	2449162,353466	9201251,1071011	46129109,3955254	66906360,5044286	60670349,4694376	24731660,2470104	2594742,371922
136	M	9	22	
136	0	Q	0	10014675	3076581,388107,4302331	26105992,2597528	3095337,431468	17864590,1885585	26488160,2597530	26974966,2617682	9056988,1054697	9056989,1054697	27007355,2617682	68809016,5148046	50517044,4217515
136	10	C	0	17864590
136	69	C	0	26105992
136	122	C	0	26105992
136	157	Q	1	10014675	3076581,388107,4302331	26105992,2597528	3095337,431468	17864590,1885585	26488160,2597530	26974966,2617682	9056988,1054697	9056989,1054697	27007355,2617682	68809016,5148046	50517044,4217515
136	201	Q	2	20451942	4660485,2633632	26421035,2597528	45558210,3924344	11835452,1183020	12489774,1256651	2126564,315156	57677317,4550397	9941537,1085023	56121754,4464335	11253578,1115239	68705580,5142649
137	M	9	22	
137	0	Q	0	12027282	3426673,4289713,2409212	3769329,500230	33681742,3248439	31815273,3108412	11115453,1102195	29637539,2874427	26967847,2617682	12431457,1247644	69811495,5157958	29638014,2874469	19230352,2009586
137	10	C	0	3769329
137	289	C	0	12431457
138	M	9	22	
138	0	Q	0	18233459	4294091,77380	59619001,4643586	59619095,4643586	34264425,3279130	64370604,4890733	23676222,2367746	66412704,5011496	34052988,3277148	32634011,3175200	63414836,4843543	36085038,3394842
138	21	C	0	64370604
139	M	9	22	
139	0	Q	0	20451942	4660485,2633632	26421035,2597528	45558210,3924344	11835452,1183020	12489774,1256651	2126564,315156	57677317,4550397	9941540,1085023	56121754,4464335	11253578,1115239	68705580,5142649
140	M	9	22	
140	0	Q	0	15556114	3986615,4249887,3613096	59487771,4638964	8850637,1038809	7060047,867291	1315612,207864	48971638,4128799	59818955,4657971	3439050,463712	9627115,1082382	19004537,1993913	34329034,3279130
140	8	C	0	8850637
141	M	11	22	
141	0	Q	0	15557203	3986728,284354	50405063,4216805	50399751,4216805	15037713,1551173	21372920,2194023	15082900,1552218	15082815,1552218	40226286,3603185	27668917,2694525	21009918,2150876	59703544,4649459
141	11	Q	1	15557203	3986728,284354	50405063,4216805	50399751,4216805	15082850,1552218	21372920,2194023	15082815,1552218	40226286,3603185	35164049,3311677	15037713,1551173	27668917,2694525	59703544,4649459
141	24	Q	2	15557346	3986728,284354,4249887,3613096,2383044	15037714,1551173	21550485,2218029	5769606,754686	27668917,2694525	15082815,1552218	40226286,3603185	40228554,3603185	52756445,4306789	21615911,2220721	33101172,3241986
141	49	C	2	15037714
142	M	12	22	
142	0	Q	0	12025103	3426673,3613096,4249887,2383044	19223185,2009495	19229569,2009557	19203016,2008665	19206046,2008701	8872453,1039258	6419780,792106	57180144,4521462	66205573,5005153	19222548,2009468	28690192,2819878
142	11	C	0	57180144
142	2050	C	0	19223185
143	M	12	22	
143	0	Q	0	15556103	3986615,284354	21283202,2183589	59486628,4638964	7059574,867291	33074638,3238763	62984651,4830187	351980,64250	61934075,4765984	41708132,3706562	57051566,4514839	70840995,5257992
143	30	Q	1	15556104	3986615,284354,4249887,3611049,3222755	8850855,1038809	7059677,867291	1315612,207864	59818955,4657971	35003892,3296895	9626957,1082382	849782,134366	24928647,2495778	34329034,3279130	424177,76074
143	34	C	1	8850855
143	135	Q	2	15556114	3986615,4249887,3613096	59487771,4638964	8850637,1038809	7060047,867291	1315612,207864	48971638,4128799	59818955,4657971	9627115,1082382	19004537,1993913	34329034,3279130	53197767,4338205
143	143	C	2	8850637
143	194	C	2	7060047
143	242	Q	3	15556102	3986615,273840,4191625,4249887,3613096	7060047,867291	59485771,4638964	8850637,1038809	9627115,1082382	40508889,3622444	53371691,4350099	13199936,1344614	9687131,1083015	59818955,4657971	10685063,1093238
143	246	C	3	7060047
143	257	C	3	8850637
144	M	12	22	
144	0	Q	0	20451942	4660485,2633632	26421035,2597528	45558210,3924344	11835452,1183020	12489774,1256651	2126564,315156	9939327,1085023	57677317,4550397	56121754,4464335	11253578,1115239	68705580,5142649
144	8	Q	1	20451942	4660485,2633632	26421035,2597528	45558210,3924344	11835452,1183020	12489774,1256651	2126564,315156	9939327,1085023	63455147,4843830	57677317,4550397	56121754,4464335	11253578,1115239
145	M	13	22	
145	0	Q	0	17817352	4249887,2863030,2997186,2376580,2361027,3613096	19602515,2024884	14944406,1549526	11808066,1179824	71004787,5275588	15042780,1551307	21530875,2216846	50472443,4217220	67218130,5058793	29169826,2862202	178802,37842
145	6	C	0	19602515
145	119908	Q	1	15581146	3991477,2452511,4291604,4164227,2677392	27246214,2637612	29328434,2863521	32612154,3172589	24771363,2474928	39088818,3551649	29531425,2864085	63876905,4864543	34217504,3279130	41094126,3657937	29435106,2863784
145	119914	C	1	27246214
145	119958	C	1	32612154
145	119982	C	1	39088818
145	146699	C	0	19602515
146	M	13	22	
146	0	Q	0	12025103	3426673,3613096,4249887,2383044	19223185,2009495	19229569,2009557	19203016,2008665	19206046,2008701	8872453,1039258	6419780,792106	57180144,4521462	66205573,5005153	19222548,2009468	28690192,2819878
147	M	13	22	
147	0	Q	0	20251577	4611635,2950174,4117921,3525109,3992206	43708392,3827577	58219578,4578938	58217501,4578937	24721021,2468797	27615006,2688334	68513136,5132870	23129340,2326047	23134611,2326366	51354916,4249370	42718735,3768922
147	1032	C	0	51354916
147	1047	C	0	68513136
147	1201	C	0	42718735
148	M	15	22	
148	0	Q	0	20451942	4660485,2633632	26421035,2597528	45558210,3924344	11835452,1183020	12489774,1256651	57677317,4550397	2126564,315156	11253531,1115239	9939327,1085023	34283608,3279130	63569437,4851049
149	M	16	22	
149	0	Q	0	12024957	3426673,3613096	19223185,2009495	19226399,2009541	66205573,5005153	43487020,3815602	1033905,154608	62787556,4821333	37116018,3437625	21600756,2220008	19222553,2009470	70689003,5235161
150	M	17	22	
150	0	Q	0	20333760	4632482,3404187,2934298	13262625,1354163	41700352,3705965	41678110,3703868	13279852,1355316	5649323,736613	39642248,3572641	12560651,1264867	49187606,4139038	48743307,4113804	29944570,2908457
150	23	C	0	13262625
150	355	Q	1	20333378	4632482,3404187	26350286,2597528	19606021,2024884	32057550,3136100	43265577,3805587	50535866,4217515	12560643,1264867	22843763,2300585	38774129,3538546	18776200,1974104	33495803,3248439
150	359	C	1	26350286
150	374	C	1	19606021
151	M	18	22	
151	0	Q	0	20334039	4632482,3404187,4249887,3613096	19606021,2024884	21615775,2220721	14946307,1549526	33039459,3232489	40228306,3603185	22843763,2300585	164461,37351	71004113,5275588	670245,105372	12033196,1199687
151	63	C	0	19606021
151	3277	Q	1	20334039	4632482,3404187,4249887,3613096	19606021,2024884	21615775,2220721	14946307,1549526	33039459,3232489	40228306,3603185	22843763,2300585	164461,37351	71004113,5275588	670245,105372	12033196,1199687
151	3285	Q	2	8354851	2934298,3613096	21593630,2220008	45284056,3912910	58541239,4593246	48708619,4113453	37455596,3458697	20937339,2142319	46705405,3985676	62181085,4781352	48715154,4113577	47216639,4009945
151	3295	C	2	45284056
152	M	18	22	
152	0	Q	0	8354851	2934298,3613096	21593630,2220008	45284056,3912910	58541239,4593246	48708619,4113453	37455596,3458697	20937339,2142319	46705405,3985676	62181085,4781352	48715154,4113577	47216639,4009945
152	4	C	0	45284056
153	M	18	22	
153	0	Q	0	5166538	2351466	26182789,2597528	13715665,1407108	66002376,4997667	9091611,1059948	67282606,5061326	47407731,4022545	59076998,4617567	57714734,4554084	24397852,2436182	43365406,3807708
153	865	Q	1	5166538	2351466	26182789,2597528	13715665,1407108	66002376,4997667	9091611,1059948	67282606,5061326	47407731,4022545	59076998,4617567	57714734,4554084	24397852,2436182	43365406,3807708
153	876	Q	2	8371471	2934298,4289713,2409212	12431785,1247644	13282885,1355523	3769336,500230	48708489,4113453	31815342,3108412	67325752,5066483	3768793,500127	29638196,2874501	19970037,2037409	13262775,1354163
153	3737	Q	3	14248996	3796670,2939565,4301193,4164771,4101859	43573150,3819665	32934192,3218277	30073080,2921064	35866913,3376804	13938789,1421994	17028126,1781809	67678435,5085455	55723889,4444321	25801856,2583381	61173487,4721380
153	3885	C	3	43573150
154	M	18	22	
154	0	Q	0	8371471	2934298,4289713,2409212	12431785,1247644	13282885,1355523	3769336,500230	48708489,4113453	31815342,3108412	67325752,5066483	3768793,500127	29638196,2874501	19970037,2037409	13262775,1354163
154	6	C	0	12431785
155	M	19	22	
155	0	Q	0	10957914	3227428,4249887,3613096,2383044	14994220,1550203	21616582,2220721	45746594,3933700	49621166,4163061	14933250,1549288	67218902,5058793	45722183,3933559	27806709,2716677	8854801,1039037	28592733,2815741
155	4	C	0	14994220
156	M	19	22	
156	0	Q	0	20451942	4660485,2633632	47194703,4008310	26421035,2597528	45558210,3924344	11835452,1183020	12489774,1256651	57677317,4550397	2126564,315156	9939327,1085023	56121754,4464335	63569437,4851049
156	6	Q	1	20451942	4660485,2633632	47194703,4008310	26421035,2597528	45558210,3924344	11835452,1183020	12489774,1256651	57677317,4550397	2126564,315156	9939327,1085023	56121754,4464335	63569437,4851049
156	2655	Q	2	20451942	4660485,2633632	47194703,4008310	26421035,2597528	45558210,3924344	11835452,1183020	12489774,1256651	57677317,4550397	2126564,315156	9939327,1085023	56121754,4464335	63569437,4851049
156	2666	C	2	12489774
156	2686	C	2	45558210
156	6494	Q	3	20454502	4660619,3294360	3272684,443265	38530100,3521231	51142673,4239096	42361943,3743179	35720255,3361036	38490735,3517443	37653228,3469289	38528113,3521122	38293179,3503702	19099063,1996941
156	6627	Q	4	20454502	4660619,3294360	3272684,443265	38530100,3521231	51142673,4239096	42361943,3743179	35720255,3361036	38490735,3517443	38528113,3521122	38293179,3503702	19099063,1996941	60720731,4699047
156	6638	Q	5	20451942	4660485,2633632	47194703,4008310	26421035,2597528	45558210,3924344	11835452,1183020	12489774,1256651	57677317,4550397	2126564,315156	9939327,1085023	56121754,4464335	63569437,4851049
156	6649	C	5	47194703
156	6684	Q	6	20451942	4660485,2633632	47194703,4008310	26421035,2597528	45558210,3924344	11835452,1183020	12489774,1256651	57677317,4550397	2126564,315156	9939327,1085023	56121754,4464335	63569437,4851049
157	M	19	22	
157	0	Q	0	8371471	2934298,4289713,2409212	12431785,1247644	13282885,1355523	3769336,500230	48708489,4113453	31815342,3108412	67325752,5066483	3768793,500127	29638196,2874501	19970037,2037409	13262775,1354163
157	6	C	0	12431785
158	M	20	22	
158	0	Q	0	21215507	4791266,4249887,3613096	67875742,5092238	33220481,3248315	36463699,3403788	3249262,441850	15013520,1550524	21674628,2227800	21971769,2254333	14991909,1550203	8880285,1039498	5816350,759844
158	4	C	0	67875742
158	99	Q	1	19998890	4585026,4802438	55339313,4434640	27889176,2728178	67253629,5059674	58999907,4616074	8098681,961216	68341142,5121266	35382665,3334032	35231257,3317149	37204164,3442758	61339459,4725518
158	105	C	1	55339313
158	739	C	1	67253629
158	820	C	1	27889176
158	884	Q	2	18254496	4298935,4257743,3389547,4249887,3613096	14949770,1549526	19591131,2024884	50630855,4217517	49616191,4163061	21561929,2218288	4727058,630407	1006151,152472	21555370,2218215	50472373,4217220	50456051,4217132
158	888	C	2	14949770
158	10535	C	1	27889176
158	10660	Q	3	7282968	2754868,3638723,4249887,3613096,2383044	14944825,1549526	8880151,1039498	4721565,630340	15074351,1552000	36462941,3403788	15054143,1551541	4724484,630379	5248839,674237	28675178,2819762	8841481,1038497
158	10662	C	3	14944825
158	10939	Q	4	525318	461118,4117921,3827195,3489428,4249887,3613096,2383044	14943532,1549526	21971509,2254333	19599915,2024884	20488684,2104506	179271,37842	21540409,2217795	15073887,1551997	37573614,3467316	40228456,3603185	15005453,1550274
158	10941	C	4	14943532
159	M	20	22	
159	0	Q	0	5208353	2355763,2934298	48708180,4113453	39640940,3572641	48742670,4113803	2843606,401824	47210147,4009572	48742945,4113804	2843739,401831	21600894,2220008	21280684,2182949	69322325,5149883
159	6	C	0	39640940
159	3007	Q	1	9785432	3047095,2374693	66072405,5001860	24083548,2404387	39815379,3586871	14664150,1509007	50170924,4200284	65072472,4938809	48266978,4079351	66100807,5002940	17409560,1830792	1989665,295576
160	M	21	22	
160	0	Q	0	20451942	4660485,2633632	47194703,4008310	26421035,2597528	45558210,3924344	11835452,1183020	12489774,1256651	57677317,4550397	2126564,315156	9939327,1085023	56121754,4464335	63569437,4851049
160	8	C	0	26421035
161	M	21	22	
161	0	Q	0	5208353	2355763,2934298	48708180,4113453	39640940,3572641	48742670,4113803	2843606,401824	47210147,4009572	48742945,4113804	2843739,401831	21600894,2220008	21280684,2182949	68937273,5149883
161	6	C	0	48742670
161	1781	Q	1	11159956	3271632	52724542,4304170	52724231,4304161	52724165,4304150	39836805,3588564	39836642,3588564	51141768,4239029	15501251,1601782	63287703,4842963	11996345,1198409	5110177,662424
162	M	21	22	
162	0	Q	0	8354851	2934298,3613096	21593630,2220008	45284056,3912910	58541239,4593246	48708619,4113453	37455596,3458697	20937339,2142319	46705405,3985676	62181085,4781352	48715154,4113577	47216639,4009945
162	6	C	0	45284056
163	M	22	22	
163	0	Q	0	12354192	3479307,4035350,410649,4176562	21571236,2218551	70464169,5207204	15068870,1551843	26564775,2599580	63337596,4843018	31497513,3085655	67239627,5059108	33216680,3248315	26722904,2612023	26747619,2614434
163	11	C	0	21571236
164	M	22	22	
164	0	Q	0	5571346	2436192	62912736,4828461	4075455,535365	40884235,3645325	40884262,3645337	62801288,4822957	40884036,3645280	40884272,3645342	4075124,535342	36933919,3425686	65097949,4943014
164	10	C	0	4075455
165	M	22	22	
165	0	Q	0	5571346	2436192	62912736,4828461	4075455,535365	40884235,3645325	40884262,3645337	62801288,4822957	40884036,3645280	40884272,3645342	4075124,535342	36933919,3425686	65097949,4943014
165	13	C	0	40884036
165	275	C	0	4075124
165	4105	Q	1	10014659	3076581,388107,4117921,3781417,4249887,3613096	17864590,1885585	19203187,2008665	68809016,5148046	13219071,1347364	1312991,207762	3095337,431468	50352226,4215030	7156385,881391	49293293,4143809	19230081,2009586
165	4113	C	1	68809016
166	M	23	22	
166	0	Q	0	4366088	2081080,4444272	60090282,4672051	54152772,4386816	43830121,3832921	61634173,4738530	65662997,4976381	49629465,4163634	68703010,5142502	60088238,4671854	45449349,3918515	60108756,4673018
166	11	C	0	54152772
166	97	C	0	43830121
166	128	C	0	68703010
166	154	C	0	65662997
167	M	23	22	
167	0	Q	0	8371471	2934298,4289713,2409212	12431785,1247644	13282885,1355523	3769336,500230	48708489,4113453	31815342,3108412	67325752,5066483	3768793,500127	29638196,2874501	19970037,2037409	13262775,1354163
167	6	C	0	13282885
167	103	C	0	3769336
167	442	C	0	29638196
167	576	C	0	3768793
167	895	C	0	12431785
168	M	23	22	
168	0	Q	0	962925	648382	62912736,4828461	4075147,535352	4075122,535341	7687417,943850	55603793,4440715	36933939,3425686	26108324,2597528	37455022,3458697	36933975,3425688	9045554,1054150
169	M	25	22	
169	0	Q	0	15557203	3986728,284354	50399750,4216805	50645406,4217805	50560558,4217515	11927728,1197516	11925237,1196917	55650386,4441838	4332649,575457	40226286,3603185	21615911,2220721	61510539,4729342
169	15	C	0	11925237
169	149	C	0	4332649
169	404	C	0	40226286
170	M	4	23	
170	0	Q	0	16474910	4128588,4138104,2452511,4089804	61695270,4742677	61699619,4742767	26475705,2597528	56590625,4487171	14231518,1463271	62734134,4818532	64402237,4891634	27925218,2733113	38524955,3520879	67246894,5059413
170	10	C	0	61695270
171	M	5	23	
171	0	Q	0	6673340	2624698,3656514	53632608,4361365	53455974,4357388	21191143,2173932	55789038,4448304	63856791,4863475	38266720,3503180	1938667,289125	9007039,1049885	8262908,985006	23053464,2320061
171	10	C	0	53455974
172	M	7	23	
172	0	Q	0	11498217	3339398,3091516,4219157,2383044	19070835,1994676	28897490,2834085	13347681,1366705	62948695,4828867	23384015,2350589	3334821,451714	26708660,2610473	28881041,2834018	33127791,3244649	49680332,4165241
172	17	C	0	28897490
173	M	25	24	
173	0	Q	0	3456917	1702104,2222083	61576394,4732632	46030965,3950264	46031022,3950264	29566700,2865111	53348365,4348568	39049556,3550845	37377277,3452794	37365029,3451741	18852231,1983649	26475515,2597528
173	6	C	0	61576394
174	M	27	24	
174	0	Q	0	7297751	2758340,4602992	26452731,2597528	5747486,750528	69890131,5157997	69900327,5157997	5747492,750533	19386199,2017204	70236155,5169937	41940024,3715627	20014054,2040378	51638053,4265386
175	M	11	25	
175	0	Q	0	10893749	3209440,2462488,2352698,3138238	40853772,3644126	56512974,4481955	29567889,2865183	44696979,3879312	1134640,171467	49872263,4186446	53277329,4343597	70379677,5188330	44588779,3871431	45852745,3937562
175	186	Q	1	5176722	2352698,3138238,3566042,2452511,2462530	1134640,171467	36930949,3425469	40853301,3644126	51539933,4258438	39477909,3568358	63133083,4838413	44696805,3879304	29567889,2865183	58393013,4586758	64715814,4914850
175	216	C	1	1134640
175	339	Q	2	4747033	2251043,3138238,2352698,3566042,2452511,2462530	1134640,171467	36930949,3425469	64492106,4897218	5477932,706592	39595975,3571143	42235009,3735094	49273260,4143673	46276745,3960301	49872238,4186446	58080649,4571627
175	364	C	2	1134640
176	M	25	26	
176	0	Q	0	15894580	4037222,3672873,4128588	60661232,4693614	60661267,4693614	60661326,4693614	26373513,2597528	60661341,4693615	48131779,4069687	19162311,2002681	54913151,4418266	60657902,4693502	62870433,4826749
176	4	C	0	60661232
177	M	2	27	
177	0	Q	0	2481557	1323267,1345636	51569307,4261997	51569453,4261997	44336074,3858160	63316843,4842963	63388152,4843323	51569303,4261993	27184780,2637320	58394240,4586787	26749158,2614524	16022748,1669816
177	6	C	0	51569307
177	3381	Q	1	2216226	1211083,745548	37099102,3436212	49675966,4165241	5868728,769331	51061991,4233518	20839688,2133861	65524819,4975721	11167171,1108235	43208052,3801130	26444735,2597528	30526494,2968844
178	M	3	27	
178	0	Q	0	3751673	1813691	18990085,1993752	55598814,4440715	69899037,5157997	57906046,4567672	7837397,943850	6110944,787424	30529740,2969568	18948572,1993116	48828104,4119537	69296796,5149883
178	13	Q	1	3752283	1813877	26479463,2597528	19439891,2018255	31229207,3052893	12596017,1270104	19392474,2017204	23538830,2365150	29804243,2889803	7883777,943850	32343045,3142702	6369634,787442
179	M	4	27	
179	0	Q	0	18856825	4397772	63255086,4842719	42337611,3741073	60141705,4673143	63259342,4842783	63259160,4842783	29464598,2863923	26399206,2597528	28567903,2813119	63219269,4842329	18618536,1957494
179	29	Q	1	18862291	4397962,3420827	55088368,4425403	63255086,4842719	63255087,4842719	29563779,2864847	18621845,1957770	15870691,1645294	18621922,1957773	67285571,5061696	56515677,4482231	63109554,4835938
180	M	4	27	
180	0	Q	0	16268081	4092572,4141277	61100660,4718199	25784743,2581043	39000103,3548328	59627672,4644242	42105479,3729347	29475891,2863926	36886324,3424039	3275810,443265	21772905,2238083	36078871,3394842
180	21	Q	1	16268341	4092572,4141277,4397962	59627672,4644242	61100660,4718199	15781552,1632425	39001721,3548398	39000219,3548328	42105497,3729347	44534902,3867481	30872457,3019208	18180069,1909197	39003365,3548563
180	48	C	1	61100660
181	M	5	27	
181	0	Q	0	2670167	1395755,1703425,157974,1197689,1468238	69169649,5149883	55546259,4440715	17611590,1860716	69959208,5157997	7806491,943850	19543396,2021670	53966956,4374403	37845014,3478295	51673539,4265386	45346532,3914524
181	10	C	0	37845014
182	M	8	27	
182	0	Q	0	7615532	2819742,3791236	23493735,2363287	58653764,4598949	47231618,4010128	23491675,2363253	35417243,3337949	41771250,3709962	53126732,4331138	65846683,4986940	35415857,3337923	31410860,3082034
182	21	C	0	23493735
183	M	14	27	
183	0	Q	0	13764402	3719512,4600894	58136174,4574394	47629593,4029651	22799845,2295096	8957700,1046383	58142495,4574419	47792041,4041525	40402698,3613193	20526003,2105852	23269114,2340382	36929511,3425437
184	M	14	27	
184	0	Q	0	13764402	3719512,4600894	58136174,4574394	47629593,4029651	22799845,2295096	8957700,1046383	58142495,4574419	47792041,4041525	40402698,3613193	20526003,2105852	23269114,2340382	36929511,3425437
185	M	20	27	
185	0	Q	0	920575	630598,929543,157974,1977404,900409	19503873,2021050	40357515,3611329	37835027,3478295	17932705,1887339	69031156,5149883	9482889,1080315	34850852,3279229	7635173,943019	19532945,2021670	17136087,1787520
185	17	C	0	37835027
185	382	Q	1	2996790	1514580,1299049,76792,931688,157974,1235179,505621,1577382,1852996,1404553,2154568	55165381,4430253	14391820,1469421	18024589,1888327	19545274,2021670	19365055,2016889	51682347,4265386	69317954,5149883	21463096,2207472	21605025,2220224	17890763,1887339
186	M	20	27	
186	0	Q	0	812467	589180,157974,1705006	65269392,4962452	69952808,5157997	17137810,1787520	69121923,5149883	18885213,1986799	19384673,2017204	53972208,4374403	51598718,4265386	17928377,1887339	2603901,373424
186	11	C	0	17137810
187	M	23	27	
187	0	Q	0	16234115	4088629,3672873,4128588	61336741,4725472	61336981,4725472	61336986,4725472	26303459,2597528	55773268,4447119	41671133,3703509	61337020,4725474	35591033,3356077	61337472,4725476	52055303,4285663
187	74	C	0	61336741
188	M	24	27	
188	0	Q	0	2849305	1461580,1681434,157974,1044797,1977395,1000478,527934	17975966,1887339	7819390,943850	53968275,4374403	17099585,1787472	32292309,3142702	52882301,4315810	54978835,4419470	51678898,4265386	44737577,3881104	19509839,2021465
188	10	C	0	17975966
189	M	24	27	
189	0	Q	0	17654441	4230157,2441552	51314057,4247403	30077385,2921064	30742749,3001416	18684705,1964804	28495416,2809381	8689379,1032002	52328100,4295885	26598793,2602882	58777327,4604242	2107733,312097
190	M	25	27	
190	0	Q	0	6317452	2565578,2561131,4305742	32636499,3175777	49106167,4133850	27442972,2662068	27281829,2642253	47912564,4047837	49403808,4150039	9890121,1084560	1026144,152969	20233620,2075219	34435409,3279130
190	19	C	0	27281829
190	67	C	0	32636499
191	M	25	27	
191	0	Q	0	7663572	2832481,2732586,3961935	40053661,3599644	23947948,2392779	52529140,4295951	37916791,3480218	31849237,3114012	23945236,2392668	49109235,4133850	15602377,1609843	55981976,4459140	52189356,4292277
191	27	Q	1	7663573	2832481,2732586,3961935,2916540,3481517,2849040	138184,35904	8163921,971693	30720063,2996859	14310248,1469421	6793012,841333	15777561,1632092	46200961,3959503	50125026,4198032	18464823,1939972	58956884,4613638
191	308	Q	2	2216393	1211083,3210089	41411665,3687334	37426879,3455882	63467360,4844630	5809723,758514	2050082,302906	42201236,3734386	38998305,3548163	38510326,3519511	42501786,3757679	49522905,4157507
192	M	25	27	
192	0	Q	0	825068	596059	67849645,5090205	13074801,1325991	25973654,2595819	26451055,2597528	43845295,3833169	39430511,3563546	7673880,943850	61177674,4721529	5867292,769258	5445997,701377
193	M	25	27	
193	0	Q	0	2840498	1455747,761091,1713123	3129225,432969	69492807,5149883	57541883,4541449	27279322,2641924	69945542,5157997	55573723,4440715	4236685,558906	23136935,2326474	7709364,943850	14330748,1469421
194	M	25	27	
194	0	Q	0	10395059	3121851,284354,4300636	58186979,4577448	53747131,4363520	23975653,2396521	45497541,3921380	50463124,4217188	34635208,3279130	10634984,1092184	50492122,4217414	13535950,1384614	56990454,4509947
194	55	C	0	58186979
195	M	7	28	
195	0	Q	0	6502468	2601736,4718850	41446477,3688952	63312846,4842963	37122871,3437827	37122870,3437827	63359610,4843147	63372007,4843230	70719474,5238396	52838606,4314661	60088006,4671821	27160700,2637209
196	M	7	28	
196	0	Q	0	6502468	2601736,4718850	41446477,3688952	63312846,4842963	37122871,3437827	37122870,3437827	63359610,4843147	63372007,4843230	70719474,5238396	52838606,4314661	60088006,4671821	27160700,2637209
197	M	2	29	
197	0	Q	0	16282701	4098324	61101197,4718271	61101307,4718283	61104615,4718541	29308445,2863473	61104565,4718536	12007920,1198409	14054005,1435495	64369457,4890733	14533608,1490957	61101192,4718267
197	53	Q	1	18902685	4404994,4402025,4291604	63259412,4842790	12354420,1237261	37114387,3437213	36078825,3394842	49344912,4146724	27181124,2637320	67847835,5090144	29529821,2864079	63234458,4842570	41281439,3675348
197	74	C	1	37114387
197	217	C	1	49344912
198	M	11	29	
198	0	Q	0	10669899	3172883,3659042	64283831,4887956	53105089,4330165	58893993,4610695	4629800,613289	39909880,3595254	1069331,160704	11819795,1181018	66610196,5024193	4286093,569283	35067133,3303917
198	17	C	0	64283831
198	85	C	0	53105089
198	131	C	0	58893993
198	243	C	0	39909880
198	252	C	0	1069331
198	331	C	0	4286093
198	395	Q	1	10669933	3172883,3659042,4117921,2769451,4079953	18169416,1908179	1069373,160704	64283154,4887956	67677834,5085438	11819804,1181018	67101646,5054217	16486,1727	42279295,3737986	70144360,5166861	17286655,1810871
198	439	C	1	18169416
198	474	C	1	1069373
198	536	C	1	67101646
198	1013	C	1	16486
198	1125	C	1	17286655
198	1275	C	1	70144360
199	M	2	30	
199	0	Q	0	19003656	4414391,3107019,3078092	26242571,2597528	50920022,4229468	63685273,4852509	64944710,4929028	50854194,4226959	64872949,4927273	5024041,653982	50879198,4227172	55359880,4436031	23502083,2363370
200	M	17	31	
200	0	Q	0	19691621	4538634,4211365,3458101,2792070,3376142,4031901	2661665,380866	35655450,3359224	36475862,3403940	8909467,1041178	26410093,2597528	40950198,3647335	66771652,5034835	41001992,3651718	55752008,4445944	13712511,1406916
200	67	C	0	36475862
201	M	13	32	
201	0	Q	0	16517152	4132869,4171827,2585336	6300864,787424	62666204,4816436	42615624,3761850	8309552,990333	67150155,5054900	46925582,3993257	23708638,2372802	30475314,2960269	8577747,1021590	67797833,5087449
201	21	C	0	62666204
201	153	Q	1	5402938	2402799,3197140,4249016,2448162,3397661	7084769,870638	16706829,1737015	62664265,4816436	44807339,3886114	6300674,787424	59510690,4639844	50366577,4216632	15720430,1622625	63919956,4869063	20933497,2141221
201	159	C	1	62664265
201	375	Q	2	20847143	4710450,3811222,4816372,4442866,3481517,3811222,2448159	15759392,1627450	5512701,711182	40165075,3602328	40994856,3651439	53995913,4375243	44437199,3862492	2741396,387422	6102909,787424	67210129,5057674	9164739,1068632
201	379	C	2	40165075
201	386	C	2	40994856
201	463	C	2	5512701
201	465	C	2	15759392
201	513	C	2	6102909
201	526	C	2	67210129
201	566	Q	3	20847144	4710450,3811222,4816372,4442866,3481517,3811222,2448159,2916245	15759392,1627450	58887114,4610266	40165075,3602328	40994856,3651439	5512701,711182	51913955,4276953	44437199,3862492	2741397,387422	6102909,787424	67069699,5050593
201	570	C	3	58887114
201	581	Q	4	20782850	4710450,2775749,4816372,4442866,3481517,2775749,2448159,2916245	58887114,4610266	58887054,4610266	62666821,4816436	16463321,1712204	16621084,1725745	26473747,2597528	33136194,3246584	16349166,1706016	6271379,787424	7084852,870638
201	594	Q	5	20782850	4710450,2775749,4816372,4442866,3481517,2775749,2448159,2916245	58887114,4610266	58887054,4610266	62666821,4816436	16463321,1712204	16621084,1725745	26473747,2597528	33136194,3246584	16349166,1706016	6271379,787424	7084852,870638
201	600	C	4	62666821
202	M	15	32	
202	0	Q	0	14264069	3800534,4472889	26295980,2597528	41064737,3655586	21441221,2200621	20312632,2083814	30792427,3008240	25500967,2543049	21398032,2197841	24292451,2422449	32128611,3140216	57718030,4554322
202	8	C	0	20312632
202	37	Q	1	14264077	3800534,4472889,4420329	26329305,2597528	21441112,2200621	20312632,2083814	25496724,2543049	21398032,2197841	13596992,1393729	57718030,4554322	24292451,2422449	30210773,2932489	7208852,888820
202	43	C	1	21441112
203	M	15	32	
203	0	Q	0	18936205	4409045,3742292,1197689,1986797,546302,1360085,2154568	37853008,3478295	17126900,1787498	62016830,4772002	57983673,4570820	14350261,1469421	18007484,1887339	44730199,3881104	12668965,1278702	19300926,2015731	70910211,5264751
203	2	C	0	37853008
203	4	C	0	17126900
203	13	C	0	57983673
203	257	C	0	37853008
203	3601	Q	1	6669009	2623399,2615823,215400,3090917,2324111	37607863,3468002	153832,36991	55378455,4437360	6769753,838067	3845515,510172	25871391,2589940	3579758,482553	11692354,1161362	47030194,3995376	35226971,3316759
203	3607	C	1	37607863
203	3609	C	1	153832
203	3611	C	1	55378455
203	3613	C	1	6769753
204	M	17	32	
204	0	Q	0	20532248	4674432	26422649,2597528	68184828,5112883	42371597,3743854	33906596,3258682	25463445,2543049	6177602,787424	4794356,634749	30016843,2917260	5757838,752754	66907777,5044368
204	4	C	0	26422649
204	611	Q	1	18702018	4370548,3578005,2742518	64309605,4887956	70529388,5212872	26149662,2597528	39999197,3596990	30206561,2932489	25464088,2543049	66937951,5045142	27492364,2671721	6494781,803890	40136835,3602207
204	619	C	1	64309605
204	722	Q	2	18702018	4370548,3578005,2742518	64309605,4887956	70529388,5212872	26149662,2597528	39999197,3596990	30206561,2932489	25464088,2543049	66937951,5045142	27492364,2671721	6494781,803890	40136835,3602207
204	726	C	2	64309605
204	812	Q	3	7575145	2805801,4370396,3577721	35294708,3323743	55727497,4444481	18422536,1938438	23750682,2379693	70663268,5230474	56058183,4463461	40002487,3596990	27491139,2671721	42290101,3738629	50072243,4194139
204	816	C	3	35294708
204	829	C	3	55727497
204	840	C	3	42290101
204	4285	Q	4	14322923	3813091,3377757	26164426,2597528	28775453,2829458	61882749,4760354	42301467,3738629	21933879,2251977	13093534,1328774	71085182,5289381	13065486,1324305	25240402,2520879	53843105,4371018
204	4291	C	4	61882749
204	4293	C	4	28775453
204	4295	C	4	42301467
204	4337	C	4	26164426
204	4537	Q	5	14322929	3813091,3377757,4807111	61881183,4760354	71063886,5286648	25503875,2543049	46620226,3983596	39992339,3596990	18377595,1937336	27491866,2671721	16406176,1711950	70473754,5208275	8370352,997126
204	4556	C	5	18377595
204	4567	C	5	46620226
204	4578	Q	6	14322928	3813091,3377757,4710450,4389968	61881183,4760354	71063886,5286648	25503875,2543049	46620226,3983596	39992339,3596990	70473754,5208275	30238392,2932962	27491866,2671721	32448900,3151613	8370352,997126
204	4588	C	6	61881183
204	4599	Q	7	14322923	3813091,3377757	26164426,2597528	28775453,2829458	61882749,4760354	42301467,3738629	21933879,2251977	13093534,1328774	71085182,5289381	13065486,1324305	25240402,2520879	53843105,4371018
204	4614	Q	8	14322925	3813091,3377757,363714,3090917	15364360,1582057	14782552,1534299	27564535,2681987	71085182,5289381	57218294,4524750	36645631,3411153	21455967,2205025	16322405,1704217	8610709,1027814	54227833,4389887
204	4625	C	7	21933879
204	5454	Q	9	20532668	4674432,4424148	26422649,2597528	42371599,3743854	36171026,3396330	47895504,4047081	70539717,5215047	40004754,3596990	48141764,4070985	66907777,5044368	18648177,1959673	42294358,3738629
204	5458	C	9	42371599
204	5460	C	9	36171026
204	5464	C	9	70539717
205	M	19	32	
205	0	Q	0	5091294	2332144,4406683,2452511,4143827	40266487,3606039	40275289,3606039	1015595,152512	29345704,2863531	41768780,3709866	64776661,4920660	63372044,4843230	40278154,3606045	54087475,4382313	2141660,316176
206	M	20	32	
206	0	Q	0	5366922	2393711,4098689	40266487,3606039	41184565,3668915	36120396,3395187	54764781,4412944	58057582,4571627	29345052,2863531	27181098,2637320	63645446,4852310	4575389,606920	5125198,663425
206	11	C	0	40266487
206	517	C	0	40266487
207	M	20	32	
207	0	Q	0	19801142	4556402,4406293,3442492,3415337	30803233,3009986	30803235,3009986	37225279,3442758	64777815,4920660	20439230,2100666	63443693,4843783	24542903,2448709	32449271,3151655	29345407,2863531	29538332,2864294
207	6	C	0	64777815
208	M	23	32	
208	0	Q	0	14801356	3876464,2539691	9010941,1050244	67567814,5080348	26062411,2597528	47929078,4048681	67567302,5080346	29696369,2877612	5642524,735552	15483224,1599450	30242966,2934195	56075100,4463461
208	6	C	0	9010941
208	13	C	0	67567814
208	22	C	0	47929078
208	222	C	0	30242966
208	226	C	0	56075100
